#wave_length 0.84
#field 1.0
#   ttheta     IntUP    sIntUP   IntDOWN  sIntDOWN
 4.00   465.80000   128.97000   301.88000   129.30000
 4.20   323.78000   118.22000   206.06000   120.00000
 4.40   307.14000   115.90000   230.47000   116.53000
 4.60   172.13000   115.84000   236.52000   113.74000
 4.80   164.31000   110.75000   291.60000   110.73000
 5.00   166.47000   106.51000   426.73000   109.08000
 5.20   217.67000   104.66000   183.24000   107.79000
 5.40   84.01000   99.91000   179.87000   99.98000
 5.60   220.87000   98.72000   297.76000   99.83000
 5.80   223.46000   98.77000   149.78000   98.18000
 6.00   408.25000   96.89000   356.86000   96.41000
 6.20   381.21000   94.03000   287.26000   96.94000
 6.40   239.85000   94.06000   101.64000   95.30000
 6.60   58.16000   90.93000   194.35000   89.90000
 6.80   127.79000   88.33000   273.48000   89.35000
 7.00   148.69000   87.50000   165.70000   89.52000
 7.20   34.61000   87.11000   223.81000   88.08000
 7.40   139.23000   85.02000   431.55000   87.94000
 7.60   115.56000   89.95000   251.61000   87.32000
 7.80   185.63000   85.06000   244.73000   82.12000
 8.00   183.16000   69.52000   203.67000   67.54000
 8.20   202.90000   68.57000   255.22000   67.34000
 8.40   311.71000   68.34000   340.96000   67.33000
 8.60   346.00000   66.70000   411.33000   69.25000
 8.80   607.26000   71.38000   655.52000   70.86000
 9.00   1423.10000   79.65000   1648.33000   79.59000
 9.20   2637.88000   85.69000   2515.01000   84.19000
 9.40   2593.55000   85.42000   2685.28000   86.58000
 9.60   1639.65000   78.66000   1821.82000   79.53000
 9.80   661.87000   67.50000   751.09000   68.83000
 10.00   386.03000   64.21000   334.96000   65.28000
 10.20   255.63000   63.67000   278.90000   64.60000
 10.40   198.32000   60.80000   201.41000   62.23000
 10.60   238.27000   61.98000   190.13000   61.43000
 10.80   280.29000   60.60000   271.07000   59.76000
 11.00   170.54000   60.91000   291.55000   61.86000
 11.20   157.47000   60.69000   382.72000   61.42000
 11.40   265.74000   61.48000   314.71000   61.16000
 11.60   235.43000   58.37000   232.22000   59.98000
 11.80   254.36000   54.12000   151.82000   54.65000
 12.00   229.41000   44.41000   197.71000   45.89000
 12.20   179.41000   45.96000   221.01000   45.19000
 12.40   223.14000   45.03000   220.61000   45.51000
 12.60   146.09000   44.35000   249.94000   44.90000
 12.80   185.32000   45.77000   142.71000   44.73000
 13.00   121.45000   44.20000   112.50000   43.76000
 13.20   227.91000   44.04000   211.71000   43.87000
 13.40   189.59000   44.13000   167.53000   43.41000
 13.60   205.87000   44.26000   220.05000   44.31000
 13.80   132.79000   44.57000   197.19000   43.82000
 14.00   239.49000   43.94000   95.79000   43.46000
 14.20   86.81000   43.48000   172.28000   43.30000
 14.40   248.30000   42.95000   164.91000   43.30000
 14.60   207.32000   42.97000   174.02000   42.90000
 14.80   258.53000   43.22000   291.92000   43.70000
 15.00   329.99000   44.05000   404.54000   44.10000
 15.20   696.47000   47.18000   679.65000   46.65000
 15.40   1006.24000   49.93000   989.20000   50.08000
 15.60   1107.28000   50.12000   1106.83000   49.99000
 15.80   981.69000   48.00000   860.17000   47.13000
 16.00   498.98000   41.50000   532.91000   41.57000
 16.20   349.14000   39.47000   280.99000   39.63000
 16.40   245.09000   38.62000   300.46000   38.59000
 16.60   303.71000   38.25000   281.64000   38.48000
 16.80   293.71000   37.70000   182.19000   37.70000
 17.00   208.45000   36.93000   271.36000   36.81000
 17.20   236.32000   37.37000   237.09000   37.21000
 17.40   273.02000   37.67000   288.95000   37.44000
 17.60   391.29000   38.37000   468.62000   38.24000
 17.80   737.89000   40.60000   797.09000   40.69000
 18.00   1476.09000   45.20000   1535.38000   44.65000
 18.20   2263.80000   48.37000   2294.09000   48.15000
 18.40   2466.51000   49.22000   2524.38000   49.18000
 18.60   1930.22000   46.21000   1936.65000   46.20000
 18.80   1315.88000   43.03000   1319.55000   43.10000
 19.00   829.22000   41.17000   948.38000   40.83000
 19.20   712.87000   40.82000   641.87000   41.31000
 19.40   544.69000   40.90000   460.21000   41.16000
 19.60   193.70000   41.43000   251.98000   41.05000
 19.80   100.31000   42.36000   61.19000   41.74000
 20.00   114.94000   41.20000   76.74000   40.93000
 20.20   165.08000   38.07000   160.89000   37.86000
 20.40   163.82000   36.66000   231.86000   36.71000
 20.60   248.01000   35.37000   256.14000   35.19000
 20.80   298.18000   34.22000   240.52000   33.51000
 21.00   249.15000   33.48000   237.69000   33.59000
 21.20   305.65000   33.38000   242.82000   33.22000
 21.40   376.90000   33.23000   322.50000   33.44000
 21.60   554.29000   34.89000   507.36000   34.49000
 21.80   939.46000   37.40000   1031.08000   37.62000
 22.00   1557.48000   41.61000   1602.08000   41.98000
 22.20   1822.72000   46.81000   2027.99000   47.44000
 22.40   1705.98000   50.45000   1698.20000   50.66000
 22.60   1189.44000   50.89000   1118.02000   51.13000
 22.80   633.69000   48.85000   704.47000   48.80000
 23.00   324.74000   45.89000   450.15000   46.09000
 23.20   183.73000   44.30000   340.75000   43.92000
 23.40   247.37000   43.16000   257.73000   43.32000
 23.60   218.40000   42.87000   259.17000   42.54000
 23.80   298.85000   40.21000   250.36000   40.04000
 24.00   425.06000   37.77000   517.72000   37.80000
 24.20   533.65000   35.20000   548.97000   35.08000
 24.40   513.14000   30.40000   575.11000   30.54000
 24.60   455.12000   29.12000   456.17000   29.09000
 24.80   398.09000   28.64000   340.46000   28.84000
 25.00   287.95000   28.53000   294.64000   28.75000
 25.20   218.55000   28.28000   252.34000   28.32000
 25.40   219.11000   28.60000   213.36000   28.54000
 25.60   196.34000   28.94000   194.78000   28.61000
 25.80   182.35000   28.71000   121.43000   28.65000
 26.00   189.43000   28.33000   237.15000   28.56000
 26.20   167.40000   28.56000   169.83000   28.51000
 26.40   206.02000   28.31000   212.26000   28.10000
 26.60   169.54000   27.80000   198.04000   27.61000
 26.80   279.61000   27.78000   313.06000   27.78000
 27.00   390.35000   28.23000   477.90000   27.96000
 27.20   539.74000   28.00000   540.68000   28.35000
 27.40   586.20000   28.86000   627.80000   28.81000
 27.60   532.06000   28.93000   551.12000   28.64000
 27.80   450.78000   28.47000   438.94000   28.26000
 28.00   399.47000   27.64000   332.27000   27.89000
 28.20   356.23000   27.95000   340.46000   27.91000
 28.40   427.78000   27.86000   451.34000   28.14000
 28.60   699.51000   28.77000   676.48000   28.58000
 28.80   1036.65000   29.67000   1116.43000   29.51000
 29.00   1261.00000   30.53000   1326.94000   30.52000
 29.20   1266.19000   30.70000   1278.40000   30.79000
 29.40   1084.81000   29.88000   1143.17000   30.08000
 29.60   873.77000   29.06000   867.65000   28.85000
 29.80   637.90000   27.18000   607.04000   27.05000
 30.00   409.62000   26.86000   470.03000   27.07000
 30.20   347.81000   26.49000   335.12000   26.61000
 30.40   285.22000   26.39000   293.92000   26.20000
 30.60   242.01000   26.30000   328.56000   26.55000
 30.80   456.75000   27.05000   402.12000   26.90000
 31.00   731.44000   28.07000   728.44000   28.07000
 31.20   1303.30000   30.50000   1302.25000   30.59000
 31.40   2025.17000   33.94000   2072.52000   33.95000
 31.60   2703.02000   36.41000   2722.87000   36.56000
 31.80   3016.87000   37.62000   3064.08000   37.67000
 32.00   2772.45000   37.36000   2845.01000   37.30000
 32.20   2214.58000   35.50000   2232.01000   35.45000
 32.40   1539.15000   32.40000   1498.69000   32.59000
 32.60   956.40000   30.78000   906.67000   30.93000
 32.80   589.27000   29.68000   601.91000   29.68000
 33.00   454.94000   28.98000   482.57000   29.01000
 33.20   471.79000   27.72000   440.17000   28.19000
 33.40   427.37000   26.82000   408.16000   27.06000
 33.60   365.64000   26.47000   353.26000   26.30000
 33.80   319.64000   26.24000   331.26000   26.43000
 34.00   255.38000   25.98000   320.36000   25.72000
 34.20   222.33000   25.22000   256.53000   25.23000
 34.40   281.30000   24.91000   193.04000   24.80000
 34.60   209.57000   24.64000   197.30000   24.58000
 34.80   205.75000   24.34000   253.96000   24.33000
 35.00   213.04000   24.37000   251.08000   24.39000
 35.20   281.56000   24.92000   254.42000   24.75000
 35.40   283.15000   25.00000   266.52000   24.99000
 35.60   311.28000   24.99000   308.37000   25.22000
 35.80   365.68000   25.17000   313.57000   24.96000
 36.00   299.34000   25.37000   386.63000   25.04000
 36.20   352.59000   24.86000   297.12000   24.77000
 36.40   405.15000   25.66000   379.15000   25.52000
 36.60   408.04000   26.11000   388.80000   25.99000
 36.80   482.85000   26.54000   466.70000   26.49000
 37.00   523.17000   26.58000   573.00000   26.85000
 37.20   556.66000   26.84000   497.09000   27.08000
 37.40   452.16000   26.42000   495.05000   26.52000
 37.60   460.85000   26.10000   481.13000   26.04000
 37.80   366.78000   26.23000   335.95000   26.21000
 38.00   317.79000   25.72000   275.14000   25.76000
 38.20   292.59000   24.28000   236.05000   24.23000
 38.40   242.76000   24.05000   255.13000   24.14000
 38.60   326.62000   24.60000   304.20000   24.49000
 38.80   426.07000   24.30000   415.09000   24.26000
 39.00   477.83000   25.09000   504.80000   25.00000
 39.20   595.07000   25.42000   523.94000   25.20000
 39.40   527.00000   25.43000   517.35000   25.57000
 39.60   511.93000   25.50000   488.38000   25.67000
 39.80   419.83000   25.41000   453.16000   25.53000
 40.00   396.58000   24.78000   358.50000   24.95000
 40.20   315.96000   24.48000   344.91000   24.45000
 40.40   246.64000   24.32000   291.77000   24.20000
 40.60   237.80000   23.81000   273.24000   23.89000
 40.80   228.73000   23.63000   236.95000   23.50000
 41.00   253.87000   23.17000   211.31000   23.32000
 41.20   238.63000   23.13000   168.28000   23.26000
 41.40   192.84000   22.71000   203.35000   22.87000
 41.60   206.37000   23.20000   190.52000   23.12000
 41.80   241.81000   23.29000   259.87000   23.16000
 42.00   310.88000   23.14000   239.64000   23.40000
 42.20   334.30000   23.46000   360.80000   23.24000
 42.40   337.69000   23.61000   374.10000   23.55000
 42.60   372.87000   23.64000   391.36000   23.61000
 42.80   443.41000   23.82000   457.42000   23.93000
 43.00   535.11000   24.53000   499.05000   24.49000
 43.20   629.13000   24.50000   645.74000   24.51000
 43.40   706.95000   24.21000   707.56000   24.25000
 43.60   749.78000   24.42000   764.23000   24.27000
 43.80   740.38000   24.47000   755.31000   24.74000
 44.00   719.85000   23.92000   769.21000   24.05000
 44.20   663.90000   24.37000   687.61000   24.25000
 44.40   597.45000   23.87000   574.59000   23.82000
 44.60   491.42000   23.46000   550.54000   23.54000
 44.80   507.06000   23.33000   552.11000   23.64000
 45.00   469.58000   23.52000   501.98000   23.50000
 45.20   544.56000   23.31000   530.48000   23.35000
 45.40   572.90000   23.71000   585.28000   23.79000
 45.60   671.72000   24.14000   599.56000   24.05000
 45.80   570.99000   24.26000   635.60000   24.15000
 46.00   629.18000   24.10000   667.18000   24.08000
 46.20   550.45000   24.13000   558.57000   23.90000
 46.40   508.20000   23.57000   465.97000   23.69000
 46.60   410.03000   23.44000   409.24000   23.51000
 46.80   305.75000   23.14000   310.49000   23.43000
 47.00   253.97000   23.20000   264.14000   23.25000
 47.20   230.60000   22.96000   189.66000   22.92000
 47.40   171.98000   22.85000   197.31000   22.88000
 47.60   178.34000   23.01000   204.33000   23.01000
 47.80   182.88000   22.52000   204.68000   22.57000
 48.00   232.51000   23.00000   244.12000   22.93000
 48.20   223.03000   23.11000   216.63000   23.11000
 48.40   252.00000   23.18000   279.79000   23.22000
 48.60   322.82000   23.43000   329.00000   23.36000
 48.80   371.11000   23.51000   353.11000   23.59000
 49.00   454.87000   22.87000   474.69000   22.95000
 49.20   547.85000   23.08000   535.47000   23.17000
 49.40   542.41000   23.51000   524.52000   23.81000
 49.60   601.02000   23.68000   593.30000   23.53000
 49.80   563.17000   23.71000   607.94000   23.89000
 50.00   616.16000   23.56000   602.81000   23.85000
 50.20   590.61000   24.01000   592.79000   23.95000
 50.40   606.30000   23.85000   566.65000   23.74000
 50.60   596.72000   24.53000   577.90000   24.38000
 50.80   597.00000   24.65000   603.64000   24.67000
 51.00   650.98000   24.74000   604.03000   24.78000
 51.20   699.22000   24.94000   707.18000   24.90000
 51.40   681.01000   25.00000   733.38000   25.02000
 51.60   733.45000   24.92000   751.33000   24.91000
 51.80   671.11000   24.83000   707.95000   25.03000
 52.00   645.71000   25.19000   626.69000   25.25000
 52.20   534.23000   24.80000   565.11000   25.00000
 52.40   491.69000   24.81000   491.01000   24.88000
 52.60   423.39000   24.66000   447.70000   24.70000
 52.80   355.10000   24.57000   325.18000   24.49000
 53.00   338.34000   23.98000   332.01000   23.91000
 53.20   297.81000   24.50000   308.95000   24.52000
 53.40   260.15000   24.38000   292.71000   24.47000
 53.60   235.44000   24.54000   219.19000   24.56000
 53.80   229.74000   24.27000   241.28000   24.46000
 54.00   304.75000   24.48000   298.07000   24.68000
 54.20   335.63000   24.64000   341.16000   24.36000
 54.40   325.95000   24.59000   385.95000   24.58000
 54.60   381.82000   25.07000   416.19000   24.95000
 54.80   485.78000   24.99000   449.41000   25.11000
 55.00   509.35000   25.01000   487.73000   24.83000
 55.20   564.52000   24.68000   566.09000   24.97000
 55.40   623.89000   23.41000   586.49000   23.46000
 55.60   673.37000   23.15000   701.90000   23.26000
 55.80   775.57000   24.01000   817.24000   23.95000
 56.00   862.45000   24.44000   871.07000   24.28000
 56.20   1011.14000   24.55000   987.26000   24.54000
 56.40   1148.71000   24.84000   1092.56000   24.91000
 56.60   1158.75000   25.06000   1164.54000   25.19000
 56.80   1205.60000   24.99000   1218.25000   24.97000
 57.00   1240.84000   25.28000   1198.98000   25.20000
 57.20   1226.76000   25.18000   1234.05000   25.45000
 57.40   1108.71000   24.91000   1137.03000   25.00000
 57.60   1004.48000   24.52000   994.74000   24.38000
 57.80   891.40000   24.17000   902.16000   24.13000
 58.00   743.65000   23.59000   739.09000   23.59000
 58.20   599.86000   23.34000   600.04000   23.26000
 58.40   479.42000   23.25000   591.53000   23.22000
 58.60   451.96000   23.04000   464.94000   23.07000
 58.80   367.48000   22.82000   404.87000   22.76000
 59.00   444.64000   22.83000   400.76000   22.80000
 59.20   384.80000   22.84000   450.85000   22.90000
 59.40   420.50000   22.54000   428.59000   22.85000
 59.60   491.40000   23.25000   496.90000   23.31000
 59.80   551.35000   23.28000   527.44000   23.42000
 60.00   598.91000   23.38000   527.64000   23.44000
 60.20   552.78000   23.47000   570.66000   23.37000
 60.40   553.53000   23.33000   567.92000   23.52000
 60.60   493.39000   23.27000   513.88000   23.14000
 60.80   498.96000   23.16000   556.75000   23.19000
 61.00   442.86000   23.14000   512.97000   23.33000
 61.20   453.57000   23.07000   406.07000   23.24000
 61.40   375.95000   23.17000   418.31000   23.12000
 61.60   377.59000   22.82000   321.20000   23.11000
 61.80   295.50000   22.90000   336.81000   22.94000
 62.00   231.85000   22.35000   282.16000   22.35000
 62.20   192.83000   22.78000   233.22000   22.68000
 62.40   208.53000   22.84000   216.56000   22.74000
 62.60   138.22000   22.49000   175.48000   22.52000
 62.80   156.76000   22.45000   159.85000   22.63000
 63.00   151.29000   21.95000   205.33000   21.66000
 63.20   140.53000   21.52000   167.69000   21.77000
 63.40   176.62000   21.56000   166.39000   21.66000
 63.60   189.92000   21.96000   206.42000   21.73000
 63.80   188.76000   21.76000   184.20000   21.66000
 64.00   267.52000   21.68000   226.10000   21.65000
 64.20   193.32000   21.69000   262.19000   21.77000
 64.40   259.76000   21.87000   258.57000   21.75000
 64.60   214.75000   21.21000   254.52000   21.11000
 64.80   278.07000   21.86000   257.72000   21.85000
 65.00   295.53000   21.85000   261.97000   21.87000
 65.20   302.03000   21.92000   300.01000   21.84000
 65.40   357.19000   21.80000   354.39000   21.97000
 65.60   351.80000   22.02000   365.58000   22.07000
 65.80   395.31000   21.80000   404.25000   21.89000
 66.00   437.76000   21.96000   392.98000   22.00000
 66.20   467.93000   22.32000   456.46000   22.38000
 66.40   468.46000   22.35000   470.06000   22.58000
 66.60   470.71000   22.34000   495.82000   22.28000
 66.80   508.54000   22.48000   524.38000   22.31000
 67.00   493.45000   22.32000   478.45000   22.31000
 67.20   523.58000   22.05000   508.43000   21.92000
 67.40   478.96000   22.29000   498.29000   22.50000
 67.60   437.20000   22.25000   399.12000   22.41000
 67.80   410.75000   22.23000   417.56000   22.17000
 68.00   402.25000   22.28000   374.52000   22.16000
 68.20   383.88000   22.14000   351.80000   22.12000
 68.40   318.91000   22.28000   317.03000   22.33000
 68.60   347.58000   22.49000   333.94000   22.38000
 68.80   275.02000   22.49000   332.31000   22.56000
 69.00   341.69000   22.50000   339.19000   22.54000
 69.20   328.83000   22.37000   296.38000   22.42000
 69.40   376.03000   22.38000   382.65000   22.52000
 69.60   342.81000   22.48000   318.24000   22.70000
 69.80   371.89000   22.84000   381.11000   22.62000
 70.00   306.79000   23.22000   432.65000   23.03000
 70.20   388.76000   23.17000   384.34000   23.30000
 70.40   402.77000   23.33000   415.44000   23.37000
 70.60   468.63000   23.47000   464.21000   23.60000
 70.80   467.41000   23.54000   417.67000   23.54000
 71.00   441.58000   23.68000   455.51000   23.48000
 71.20   420.15000   24.09000   419.65000   24.12000
 71.40   469.81000   24.13000   445.42000   24.22000
 71.60   406.31000   24.31000   431.33000   24.13000
 71.80   411.69000   24.35000   413.67000   24.03000
 72.00   397.86000   24.27000   393.73000   24.07000
 72.20   388.89000   24.28000   415.24000   23.93000
 72.40   410.09000   24.43000   320.33000   24.31000
 72.60   347.83000   24.56000   331.16000   24.65000
 72.80   358.38000   24.56000   311.39000   24.51000
 73.00   340.00000   24.66000   342.47000   24.83000
 73.20   315.62000   24.73000   407.07000   24.78000
 73.40   359.86000   24.74000   378.60000   24.82000
 73.60   396.03000   24.23000   370.53000   24.19000
 73.80   425.97000   24.62000   421.12000   24.88000
 74.00   449.83000   24.92000   442.68000   24.82000
 74.20   478.79000   24.89000   427.18000   24.95000
 74.40   486.65000   24.92000   475.43000   24.99000
 74.60   552.60000   25.29000   496.92000   25.16000
 74.80   572.30000   25.29000   587.09000   25.24000
 75.00   615.24000   25.70000   632.31000   25.52000
 75.20   676.60000   26.05000   652.23000   26.15000
 75.40   692.59000   26.16000   691.45000   26.35000
 75.60   659.96000   26.28000   674.67000   26.18000
 75.80   731.70000   26.30000   685.44000   26.32000
 76.00   705.01000   26.21000   658.28000   26.31000
 76.20   655.79000   26.11000   669.81000   26.37000
 76.40   667.63000   26.79000   657.36000   27.22000
 76.60   669.15000   26.93000   624.14000   26.90000
 76.80   637.38000   26.99000   672.21000   26.92000
 77.00   567.46000   26.88000   587.13000   26.78000
 77.20   547.94000   26.70000   585.11000   26.76000
 77.40   498.04000   26.49000   584.07000   26.45000
 77.60   443.92000   26.94000   512.61000   26.61000
 77.80   471.20000   27.05000   439.22000   27.23000
 78.00   444.64000   27.09000   418.65000   27.08000
 78.20   426.69000   27.01000   457.18000   26.81000
 78.40   484.98000   27.12000   475.99000   27.04000
 78.60   436.84000   27.08000   439.56000   27.08000
 78.80   425.16000   27.14000   401.99000   27.08000
 79.00   440.43000   27.98000   412.37000   28.09000
 79.20   428.72000   28.12000   433.36000   28.25000
 79.40   432.35000   27.89000   458.37000   28.25000
 79.60   455.61000   28.14000   491.40000   28.13000
 79.80   498.22000   27.80000   440.60000   27.98000
 80.00   408.89000   27.81000   393.54000   28.01000