    ttheta   IntUPexp  sIntUPexp   IntUPmod IntDOWNexp sIntDOWNexp IntDOWNmod   IntBKGR flag
     4.600   3336.570     93.640   3305.000   3122.910     90.640   3305.000   3305.000  1
     4.800   3205.370     91.830   3116.000   3246.220     92.550   3116.000   3116.000  1
     5.000   3037.160     89.380   2927.000   2894.730     87.290   2927.000   2927.000  1
     5.200   2980.490     86.860   2891.520   2896.150     85.630   2891.520   2891.520  1
     5.400   2938.080     84.660   2856.040   2835.690     83.170   2856.040   2856.040  1
     5.600   2858.910     83.540   2820.560   2836.400     83.160   2820.560   2820.560  1
     5.800   2840.810     83.160   2785.085   2785.420     82.390   2785.082   2785.080  1
     6.000   2732.970     81.540   2749.689   2621.480     79.820   2749.633   2749.600  1
     6.200   2679.290     80.760   2715.203   2731.120     81.570   2714.528   2714.120  1
     6.400   2554.410     78.810   2688.075   2668.060     80.570   2682.190   2678.640  1
     6.600   2568.970     76.380   2700.774   2496.950     75.370   2664.840   2643.160  1
     6.800   2792.550     79.610   2853.044   2511.040     75.480   2700.011   2607.680  1
     7.000   2789.200     79.590   3323.405   2589.680     76.680   2854.881   2572.200  1
     7.200   3511.890     89.130   4324.197   2764.390     79.100   3209.359   2536.720  1
     7.400   5274.000    109.220   6016.795   3480.270     88.840   3824.232   2501.240  1
     7.600   7628.290    131.620   7903.241   4003.240     95.300   4512.697   2465.760  1
     7.800   7334.810    124.070   8375.351   3971.690     91.290   4673.092   2430.280  1
     8.000   5454.410     88.070   6715.051   3321.110     68.680   4048.331   2394.800  1
     8.200   3523.550     70.730   4511.390   2709.420     61.950   3265.025   2359.320  1
     8.400   2712.280     61.940   3337.914   2614.980     60.860   2953.687   2323.840  1
     8.600   3315.100     68.420   3257.877   3191.130     67.160   3177.027   2288.360  1
     8.800   4122.520     76.380   3698.540   4273.250     77.760   3686.489   2252.880  1
     9.000   4596.480     80.700   3977.047   4430.000     79.250   3975.745   2217.400  1
     9.200   3955.690     72.720   3626.382   3856.040     71.750   3626.279   2181.920  1
     9.400   2931.080     62.530   2915.486   2841.940     61.570   2915.480   2146.440  1
     9.600   2417.030     56.730   2378.935   2336.000     55.760   2378.935   2110.960  1
     9.800   2314.090     55.490   2138.562   2197.900     54.090   2138.562   2075.480  1
    10.000   2250.700     54.770   2050.433   2047.940     52.210   2050.433   2040.000  1
    10.200   2137.850     53.330   2039.407   2088.210     52.690   2039.407   2038.159  1
    10.400   2168.310     52.200   2036.426   2094.570     51.270   2036.426   2036.317  1
    10.600   2275.920     53.450   2034.483   2092.820     51.270   2034.483   2034.476  1
    10.800   2199.030     52.530   2032.635   2220.320     52.770   2032.635   2032.634  1
    11.000   2099.130     51.330   2030.794   2133.140     51.790   2030.794   2030.793  1
    11.200   2072.210     51.030   2028.962   2204.160     52.610   2028.964   2028.952  1
    11.400   2073.690     51.000   2027.244   2024.520     50.450   2027.276   2027.110  1
    11.600   2063.560     50.190   2026.495   2061.180     50.170   2026.791   2025.269  1
    11.800   2107.200     46.730   2031.052   2112.760     46.810   2032.893   2023.427  1
    12.000   2014.850     37.940   2053.894   2137.230     39.050   2061.693   2021.586  1
    12.200   2017.230     37.940   2117.365   2118.640     38.880   2140.932   2019.745  1
    12.400   2103.660     38.740   2248.168   2187.340     39.480   2303.758   2017.903  1
    12.600   2311.140     40.630   2461.061   2462.530     41.910   2568.491   2016.062  1
    12.800   2559.950     42.750   2671.402   2672.890     43.680   2830.056   2014.220  1
    13.000   2593.310     41.930   2682.819   2753.980     43.230   2844.674   2012.379  1
    13.200   2444.690     40.740   2459.828   2448.700     40.780   2568.294   2010.538  1
    13.400   2186.100     38.500   2206.067   2179.010     38.420   2253.710   2008.696  1
    13.600   2088.960     37.630   2065.321   2054.410     37.310   2079.362   2006.855  1
    13.800   2050.130     37.280   2018.491   2040.340     37.190   2020.959   2005.013  1
    14.000   1992.320     36.770   2015.080   1997.130     36.810   2012.316   2003.172  1
    14.200   2029.640     36.610   2050.661   2115.020     37.390   2035.107   2001.330  1
    14.400   2124.840     37.050   2166.530   2086.500     36.710   2113.377   1999.489  1
    14.600   2244.380     38.060   2427.307   2086.390     36.690   2289.686   1997.648  1
    14.800   2780.000     42.360   2905.868   2518.030     40.300   2609.861   1995.806  1
    15.000   3620.670     48.330   3559.522   3164.070     45.190   3034.613   1993.965  1
    15.200   4093.380     51.420   4019.252   3443.310     47.180   3296.283   1992.123  1
    15.400   4078.000     51.360   3974.653   3276.850     46.020   3164.981   1990.282  1
    15.600   3650.070     47.460   3726.200   2886.450     42.190   2840.655   1988.441  1
    15.800   3462.190     46.200   3595.856   2535.460     39.550   2611.795   1986.599  1
    16.000   3202.640     40.560   3358.008   2406.590     35.150   2453.154   1984.758  1
    16.200   2808.980     38.000   2861.421   2290.570     34.300   2269.703   1982.916  1
    16.400   2354.380     34.780   2372.586   2148.820     33.250   2107.240   1981.075  1
    16.600   2135.480     33.130   2101.467   2013.670     32.160   2018.481   1979.234  1
    16.800   2018.030     31.830   2005.077   2110.590     32.550   1986.466   1977.392  1
    17.000   2042.550     31.680   1980.712   1991.410     31.270   1979.020   1975.551  1
    17.200   2038.530     31.630   1977.262   1975.340     31.160   1986.199   1973.709  1
    17.400   2003.380     31.360   1984.667   2053.690     31.760   2025.141   1971.868  1
    17.600   2055.190     31.770   2009.667   2022.590     31.520   2135.748   1970.027  1
    17.800   2134.180     32.380   2063.877   2093.620     32.050   2368.283   1968.185  1
    18.000   2151.910     32.510   2158.444   2495.130     34.980   2769.530   1966.344  1
    18.200   2364.110     33.350   2278.753   3170.720     38.620   3278.331   1964.502  1
    18.400   2398.180     33.590   2349.009   3634.460     41.360   3576.824   1962.661  1
    18.600   2339.440     33.160   2299.716   3537.820     40.810   3366.538   1960.820  0
    18.800   2300.050     32.890   2182.606   3012.780     37.670   2820.057   1958.978  0
    19.000   2113.120     31.530   2135.952   2428.460     33.810   2362.778   1957.137  0
    19.200   2270.610     32.680   2286.837   2336.790     33.160   2201.895   1955.295  0
    19.400   2567.200     34.380   2735.179   2462.580     33.670   2317.683   1953.454  1
    19.600   3336.010     38.780   3584.897   2923.330     36.320   2667.949   1951.613  1
    19.800   4794.880     46.490   4846.925   3712.910     40.910   3216.869   1949.771  1
    20.000   6179.960     51.290   6038.925   4299.730     42.790   3744.902   1947.930  1
    20.200   6451.680     50.000   6253.520   4359.450     41.090   3857.972   1946.088  1
    20.400   5628.030     46.730   5247.095   3862.190     38.700   3447.882   1944.247  1
    20.600   4089.650     39.820   3821.025   3114.310     34.740   2848.171   1942.406  0
    20.800   2904.290     32.870   2774.952   2509.680     30.550   2388.602   1940.564  0
    21.000   2390.310     29.840   2248.350   2320.380     29.410   2132.201   1938.723  0
    21.200   2228.250     28.800   2038.710   2117.380     28.070   2011.134   1936.881  0
    21.400   2064.490     27.720   1970.743   2098.420     27.950   1964.062   1935.040  0
    21.600   2133.630     28.180   1966.614   2048.700     27.620   1960.105   1933.199  0
    21.800   2143.130     28.250   2007.245   2147.610     28.270   1991.031   1931.357  0
    22.000   2387.890     29.300   2098.672   2373.850     29.220   2062.095   1929.516  0
    22.200   2918.550     32.350   2255.039   2852.700     31.990   2184.156   1927.674  0
    22.400   3578.300     35.820   2467.087   3512.740     35.500   2349.735   1925.833  0
    22.600   4163.590     38.650   2647.853   3978.350     37.780   2490.004   1923.991  0
    22.800   4278.290     39.210   2675.395   4038.870     38.090   2506.938   1922.150  0
    23.000   3944.120     37.640   2553.646   3807.210     36.980   2397.585   1920.309  0
    23.200   3630.700     35.780   2446.162   3449.140     34.860   2280.579   1918.467  1
    23.400   3536.320     35.290   2522.415   3419.740     34.710   2277.732   1916.626  1
    23.600   3620.590     36.020   2855.128   3485.720     35.330   2435.185   1914.784  1
    23.800   3979.250     37.750   3394.967   3368.330     34.740   2718.544   1912.943  1
    24.000   4206.980     38.830   3894.557   3314.840     34.470   2985.893   1911.102  1
    24.200   4217.030     38.050   3992.747   3218.890     33.240   3037.669   1909.260  1
    24.400   3759.550     32.380   3577.313   2857.400     28.230   2811.715   1907.419  1
    24.600   3136.040     29.040   2926.681   2535.520     26.110   2458.306   1905.577  1
    24.800   2495.190     26.340   2392.184   2185.510     24.660   2166.967   1903.736  1
    25.000   2189.820     24.670   2110.715   2053.480     23.890   2009.800   1901.895  1
    25.200   2058.720     24.150   2046.099   2052.230     24.110   1963.057   1900.053  1
    25.400   2100.710     24.170   2139.303   2050.650     23.880   1988.992   1898.212  1
    25.600   2296.180     25.270   2372.076   2114.430     24.250   2071.351   1896.370  1
    25.800   2712.480     27.220   2756.990   2285.020     24.980   2211.057   1894.529  1
    26.000   3266.200     29.870   3265.002   2466.540     25.960   2396.685   1892.688  1
    26.200   3832.830     32.630   3719.788   2672.220     27.240   2564.356   1890.846  1
    26.400   3913.840     32.980   3858.010   2676.600     27.270   2619.691   1889.005  1
    26.600   3691.650     32.020   3599.063   2553.610     26.640   2536.616   1887.163  1
    26.800   3164.880     29.650   3164.274   2327.650     25.430   2400.768   1885.322  1
    27.000   2805.090     27.920   2860.887   2247.260     24.990   2329.700   1883.481  1
    27.200   2723.140     27.030   2822.959   2266.250     24.660   2373.707   1881.639  1
    27.400   2922.920     28.480   2954.755   2498.300     26.340   2486.697   1879.798  1
    27.600   3051.980     29.090   3047.906   2587.900     26.790   2568.394   1877.956  1
    27.800   3050.910     29.080   2959.220   2577.250     26.740   2544.412   1876.115  1
    28.000   2818.680     27.960   2706.365   2450.380     26.080   2417.858   1874.274  1
    28.200   2502.930     26.350   2408.258   2216.280     24.800   2249.673   1872.432  1
    28.400   2212.280     24.540   2168.579   2059.960     23.690   2104.751   1870.591  1
    28.600   2080.030     23.520   2023.792   2008.620     23.120   2018.348   1868.749  1
    28.800   1934.330     21.950   1961.456   1871.940     21.600   1995.403   1867.000  1
    29.000   1925.710     21.930   1955.984   1943.480     22.030   2026.267   1867.000  1
    29.200   1999.220     22.350   1980.497   1943.740     22.030   2088.532   1867.000  1
    29.400   1996.830     22.330   2012.634   2033.960     22.530   2149.362   1867.000  1
    29.600   1994.780     22.310   2035.385   2005.130     22.370   2173.356   1867.000  1
    29.800   1948.980     21.670   2047.490   2018.980     22.050   2148.981   1867.000  1
    30.000   1945.220     22.040   2066.614   1952.920     22.090   2099.804   1867.000  1
    30.200   2035.200     22.530   2116.251   1944.210     22.020   2062.285   1867.000  1
    30.400   2106.570     22.930   2207.199   1952.040     22.070   2055.152   1867.000  1
    30.600   2307.590     24.010   2325.136   2024.080     22.480   2069.850   1867.000  1
    30.800   2475.810     24.870   2428.571   2062.410     22.700   2083.186   1867.000  1
    31.000   2514.860     24.830   2465.747   2013.010     22.220   2076.261   1867.000  0
    31.200   2450.120     24.520   2409.953   2030.990     22.320   2046.228   1867.000  0
    31.400   2347.390     24.210   2283.086   1983.930     22.260   2005.580   1867.000  0
    31.600   2226.650     23.580   2139.495   1952.900     22.080   1972.260   1867.000  0
    31.800   2112.980     22.980   2027.380   2017.540     22.450   1959.562   1867.000  0
    32.000   2069.260     22.740   1966.553   1988.000     22.290   1971.655   1867.000  0
    32.200   2060.410     22.670   1953.486   2119.150     22.990   2003.684   1867.000  0
    32.400   2155.450     22.810   1976.853   2164.270     22.850   2045.384   1867.000  0
    32.600   2250.810     23.730   2029.045   2256.430     23.760   2089.313   1867.000  1
    32.800   2285.500     23.900   2109.797   2334.880     24.150   2138.450   1867.000  1
    33.000   2383.880     24.410   2219.317   2330.200     24.140   2201.888   1867.000  1
    33.200   2498.220     24.590   2342.578   2369.840     23.950   2277.685   1867.000  1
    33.400   2573.670     24.190   2441.408   2478.490     23.740   2341.500   1867.000  1
    33.600   2658.270     24.240   2472.171   2472.420     23.380   2359.220   1867.000  1
    33.800   2623.940     24.200   2418.167   2427.460     23.280   2314.512   1867.000  1
    34.000   2433.530     23.520   2303.665   2309.910     22.920   2222.833   1867.000  1
    34.200   2292.850     22.830   2175.960   2108.530     21.900   2119.372   1867.000  1
    34.400   2098.780     21.850   2076.086   2013.070     21.400   2036.321   1867.000  1
    34.600   1994.010     21.300   2023.024   1967.120     21.160   1989.543   1867.000  1
    34.800   1935.010     20.780   2015.199   1892.380     20.560   1978.849   1867.000  1
    35.000   1981.050     21.050   2039.651   1915.050     20.700   1994.930   1867.000  1
    35.200   1981.980     21.250   2082.139   1932.460     20.990   2027.254   1867.000  1
    35.400   2036.090     21.540   2134.924   1969.130     21.180   2069.957   1867.000  1
    35.600   2116.410     21.960   2196.849   2011.540     21.410   2121.618   1867.000  1
    35.800   2188.740     22.340   2263.673   2090.060     21.830   2177.679   1867.000  1
    36.000   2285.730     22.820   2318.840   2219.370     22.490   2223.538   1867.000  1
    36.200   2286.330     22.410   2338.789   2209.450     22.030   2239.187   1867.000  1
    36.400   2308.460     22.940   2311.295   2165.860     22.220   2213.952   1867.000  1
    36.600   2232.020     22.550   2248.709   2112.010     21.930   2156.845   1867.000  1
    36.800   2194.560     22.530   2183.058   2099.850     22.050   2092.225   1867.000  1
    37.000   2148.190     22.130   2148.803   2006.410     21.390   2045.904   1867.000  1
    37.200   2159.330     22.190   2167.328   2006.440     21.390   2033.621   1867.000  1
    37.400   2183.080     22.100   2241.328   2012.690     21.220   2058.121   1867.000  1
    37.600   2293.960     22.670   2360.029   2043.760     21.400   2113.684   1867.000  1
    37.800   2388.470     23.340   2510.862   2104.740     21.910   2193.469   1867.000  1
    38.000   2623.840     24.070   2686.360   2256.730     22.320   2293.061   1867.000  1
    38.200   2868.700     23.530   2875.866   2394.650     21.500   2405.583   1867.000  1
    38.400   3072.140     24.360   3049.394   2519.410     22.050   2513.130   1867.000  1
    38.600   3157.960     24.690   3157.429   2575.320     22.290   2587.275   1867.000  1
    38.800   3166.810     24.280   3157.970   2573.570     21.890   2604.297   1867.000  1
    39.000   3074.180     24.360   3050.102   2506.750     22.000   2563.806   1867.000  1
    39.200   2871.690     23.540   2881.946   2427.710     21.640   2493.235   1867.000  1
    39.400   2743.510     23.010   2724.487   2370.530     21.390   2432.930   1867.000  1
    39.600   2662.970     22.680   2632.344   2462.470     21.810   2412.686   1867.000  1
    39.800   2653.880     22.640   2619.257   2460.850     21.800   2435.882   1867.000  1
    40.000   2627.230     22.320   2661.126   2467.550     21.640   2480.940   1867.000  1
    40.200   2675.400     22.550   2719.387   2485.910     21.740   2517.717   1867.000  1
    40.400   2748.000     23.070   2765.017   2479.250     21.910   2525.996   1867.000  1
    40.600   2770.570     23.150   2786.348   2433.980     21.690   2502.658   1867.000  1
    40.800   2731.860     23.000   2780.545   2410.140     21.600   2455.419   1867.000  1
    41.000   2690.280     22.820   2743.425   2340.930     21.290   2392.899   1867.000  1
    41.200   2608.990     22.470   2670.050   2249.620     20.870   2321.002   1867.000  1
    41.400   2509.930     21.680   2563.594   2173.460     20.180   2245.913   1867.000  1
    41.600   2419.670     21.680   2440.701   2074.210     20.080   2177.047   1867.000  1
    41.800   2287.030     21.060   2326.782   2052.350     19.960   2125.472   1867.000  1
    42.000   2204.210     20.690   2245.601   2031.250     19.860   2099.594   1867.000  1
    42.200   2105.400     20.210   2211.485   1990.900     19.660   2102.365   1867.000  1
    42.400   2088.300     20.140   2227.452   2005.660     19.750   2131.563   1867.000  1
    42.600   2192.080     20.470   2286.245   2130.200     20.180   2181.054   1867.000  1
    42.800   2301.260     21.000   2370.887   2162.210     20.360   2240.861   1867.000  1
    43.000   2434.120     21.800   2455.919   2274.510     21.070   2296.987   1867.000  1
    43.200   2475.350     21.710   2513.128   2318.330     21.020   2333.917   1867.000  1
    43.400   2495.520     21.270   2521.902   2282.100     20.340   2340.502   1867.000  1
    43.600   2446.470     21.050   2478.389   2252.740     20.210   2315.645   1867.000  1
    43.800   2384.090     20.780   2396.623   2178.430     19.860   2269.055   1867.000  1
    44.000   2262.180     19.910   2300.512   2159.400     19.460   2215.877   1867.000  1
    44.200   2156.310     19.800   2212.300   2080.310     19.450   2168.827   1867.000  1
    44.400   2102.390     19.540   2144.662   2061.550     19.360   2133.070   1867.000  1
    44.600   2040.320     19.270   2099.674   1998.620     19.070   2106.443   1867.000  1
    44.800   2012.570     19.130   2072.994   1983.990     19.000   2083.778   1867.187  1
    45.000   1996.540     19.060   2059.081   1957.660     18.870   2061.612   1868.120  1
    45.200   2022.530     19.030   2052.853   1961.640     18.740   2038.749   1869.054  1
    45.400   2023.620     19.050   2052.910   1932.060     18.610   2017.935   1869.988  1
    45.600   2051.100     19.360   2060.602   1930.490     18.780   2003.392   1870.921  1
    45.800   2072.280     19.460   2079.145   1935.200     18.800   1999.191   1871.855  1
    46.000   2069.940     19.450   2112.345   1926.190     18.760   2008.380   1872.789  1
    46.200   2112.960     19.660   2163.232   1941.520     18.840   2032.849   1873.723  1
    46.400   2221.740     19.990   2232.977   1979.920     18.860   2073.495   1874.656  1
    46.600   2347.850     20.570   2320.152   2086.630     19.390   2130.044   1875.590  1
    46.800   2413.740     21.070   2419.893   2130.910     19.800   2200.075   1876.524  1
    47.000   2569.260     21.730   2523.002   2201.730     20.120   2277.622   1877.457  1
    47.200   2598.600     21.860   2616.153   2266.120     20.410   2352.785   1878.391  1
    47.400   2676.890     22.190   2684.665   2357.300     20.820   2413.728   1879.325  1
    47.600   2696.730     22.260   2717.763   2342.990     20.760   2450.931   1880.258  1
    47.800   2652.480     21.730   2713.707   2382.710     20.600   2461.440   1881.192  1
    48.000   2638.310     22.090   2681.404   2334.770     20.780   2450.367   1882.126  1
    48.200   2541.100     21.670   2637.071   2350.380     20.840   2428.484   1883.059  1
    48.400   2502.130     21.650   2597.741   2290.730     20.710   2407.363   1883.993  1
    48.600   2516.570     21.580   2575.070   2289.490     20.580   2394.767   1884.927  1
    48.800   2556.460     21.720   2572.072   2309.990     20.640   2392.369   1885.860  1
    49.000   2588.000     20.950   2583.270   2344.850     19.940   2396.130   1886.794  1
    49.200   2600.710     21.060   2597.343   2328.580     19.930   2398.495   1887.728  1
    49.400   2647.700     21.420   2601.042   2342.500     20.160   2391.304   1888.661  1
    49.600   2619.210     21.380   2583.429   2329.310     20.160   2368.588   1889.595  1
    49.800   2553.400     21.060   2539.377   2266.730     19.840   2328.569   1890.529  1
    50.000   2484.560     20.770   2471.214   2227.330     19.660   2274.262   1891.462  1
    50.200   2409.940     20.450   2387.824   2164.990     19.390   2212.482   1892.396  1
    50.400   2341.140     19.840   2301.560   2121.190     18.890   2151.631   1893.330  1
    50.600   2286.750     19.990   2224.276   2094.080     19.130   2099.213   1894.264  1
    50.800   2264.640     19.900   2164.063   2043.060     18.880   2059.980   1895.197  1
    51.000   2210.690     19.660   2123.736   2090.940     19.120   2035.268   1896.131  1
    51.200   2158.190     19.430   2101.262   2012.260     18.760   2023.472   1897.065  1
    51.400   2134.680     19.320   2091.587   2040.870     18.900   2021.264   1897.998  1
    51.600   2191.070     19.420   2088.944   2018.550     18.630   2024.958   1898.932  1
    51.800   2153.830     19.290   2088.750   2059.130     18.860   2031.534   1899.866  1
    52.000   2201.150     19.690   2088.514   2108.900     19.270   2039.040   1900.799  1
    52.200   2191.430     19.640   2087.705   2138.460     19.400   2046.434   1901.733  1
    52.400   2203.220     19.690   2086.947   2166.280     19.530   2053.143   1902.667  1
    52.600   2196.260     19.660   2087.100   2146.820     19.420   2058.709   1903.600  1
    52.800   2249.770     19.900   2088.670   2144.440     19.420   2062.706   1904.534  1
    53.000   2215.110     19.450   2091.699   2153.940     19.170   2064.922   1905.468  1
    53.200   2219.450     19.830   2096.057   2171.150     19.610   2065.636   1906.401  1
    53.400   2241.660     19.920   2101.907   2182.330     19.660   2065.823   1907.335  1
    53.600   2283.080     20.110   2110.112   2207.920     19.770   2067.202   1908.269  1
    53.800   2268.860     20.050   2122.387   2162.020     19.560   2072.086   1909.202  1
    54.000   2293.640     20.170   2141.037   2186.180     19.690   2083.021   1910.136  1
    54.200   2334.980     20.180   2168.238   2187.530     19.530   2102.191   1911.070  1
    54.400   2364.340     20.360   2205.010   2252.060     19.870   2130.680   1912.003  1
    54.600   2452.380     20.930   2250.274   2272.820     20.150   2167.822   1912.937  1
    54.800   2521.650     21.230   2300.484   2368.770     20.560   2210.988   1913.871  1
    55.000   2486.410     21.060   2350.178   2337.450     20.420   2256.031   1914.805  1
    55.200   2519.950     21.060   2393.363   2347.360     20.320   2298.307   1915.738  1
    55.400   2535.550     19.970   2425.186   2354.540     19.240   2333.846   1916.672  1
    55.600   2476.610     19.450   2443.137   2372.960     19.040   2360.125   1917.606  1
    55.800   2474.020     19.820   2447.319   2397.580     19.500   2376.160   1918.539  1
    56.000   2451.990     19.720   2439.805   2358.840     19.340   2382.027   1919.473  1
    56.200   2382.700     19.440   2423.568   2324.470     19.190   2378.257   1920.407  1
    56.400   2376.040     19.410   2401.560   2286.770     19.050   2365.522   1921.340  1
    56.600   2314.150     19.150   2376.288   2265.800     18.950   2344.753   1922.274  1
    56.800   2297.530     18.930   2349.855   2229.700     18.650   2317.497   1923.208  1
    57.000   2291.720     18.950   2324.205   2208.970     18.590   2286.168   1924.141  1
    57.200   2261.600     19.000   2301.285   2163.620     18.580   2253.955   1925.075  1
    57.400   2264.390     19.010   2282.985   2163.920     18.580   2224.363   1926.009  1
    57.600   2204.710     18.760   2270.886   2110.700     18.350   2200.567   1926.942  1
    57.800   2184.380     18.670   2265.977   2120.320     18.410   2184.847   1927.876  1
    58.000   2222.650     18.690   2268.498   2053.220     17.960   2178.302   1928.810  1
    58.200   2261.440     18.830   2278.001   2093.710     18.110   2180.902   1929.743  1
    58.400   2264.060     19.050   2293.606   2121.450     18.460   2191.820   1930.677  1
    58.600   2274.980     19.110   2314.319   2118.650     18.450   2209.828   1931.611  1
    58.800   2321.850     19.320   2339.233   2155.330     18.600   2233.590   1932.545  1
    59.000   2329.190     19.350   2367.476   2173.330     18.680   2261.692   1933.478  1
    59.200   2385.990     19.570   2397.923   2219.810     18.870   2292.457   1934.412  1
    59.400   2455.710     19.550   2428.817   2284.150     18.840   2323.673   1935.346  1
    59.600   2478.540     20.020   2457.564   2311.210     19.340   2352.476   1936.279  1
    59.800   2468.730     19.970   2480.890   2340.040     19.440   2375.556   1937.213  1
    60.000   2460.620     20.050   2495.399   2333.160     19.540   2389.693   1938.147  1
    60.200   2508.590     20.140   2498.364   2348.780     19.490   2392.465   1939.080  1
    60.400   2403.410     19.700   2488.461   2284.570     19.210   2382.862   1940.014  1
    60.600   2415.980     19.580   2466.152   2305.760     19.140   2361.578   1940.948  1
    60.800   2365.890     19.420   2433.590   2260.960     19.010   2330.853   1941.881  1
    61.000   2365.640     19.610   2394.088   2251.720     19.130   2293.951   1942.815  1
    61.200   2330.650     19.530   2351.363   2224.410     19.080   2254.462   1943.749  1
    61.400   2320.770     19.430   2308.824   2165.000     18.760   2215.653   1944.682  1
    61.600   2293.910     19.310   2269.105   2127.580     18.600   2180.042   1945.616  1
    61.800   2254.110     19.140   2233.934   2106.000     18.500   2149.267   1946.550  1
    62.000   2230.850     18.730   2204.292   2067.160     18.030   2124.204   1947.483  1
    62.200   2186.160     18.930   2180.734   2092.920     18.510   2105.239   1948.417  1
    62.400   2207.920     19.000   2163.704   2112.630     18.600   2092.538   1949.351  1
    62.600   2176.400     18.890   2153.724   2103.370     18.550   2086.237   1950.284  1
    62.800   2170.890     18.860   2151.392   2061.720     18.370   2086.492   1951.218  1
    63.000   2172.550     18.380   2157.222   2041.960     17.840   2093.398   1952.152  1
    63.200   2135.160     18.020   2171.404   2049.090     17.650   2106.850   1953.086  1
    63.400   2189.930     18.290   2193.624   2096.000     17.880   2126.436   1954.019  1
    63.600   2184.040     18.450   2223.038   2109.810     18.140   2151.432   1954.953  1
    63.800   2215.570     18.590   2258.439   2121.540     18.170   2180.936   1955.887  1
    64.000   2249.120     18.730   2298.548   2110.460     18.140   2214.076   1956.820  1
    64.200   2262.150     18.780   2342.284   2094.150     18.070   2250.188   1957.754  1
    64.400   2310.300     18.980   2388.860   2167.080     18.380   2288.841   1958.688  1
    64.600   2411.830     19.100   2437.602   2221.230     18.330   2329.658   1959.621  1
    64.800   2466.070     19.700   2487.552   2251.470     18.810   2371.957   1960.555  1
    65.000   2533.600     19.950   2537.024   2310.590     19.040   2414.383   1961.489  1
    65.200   2545.890     20.010   2583.352   2328.050     19.140   2454.706   1962.422  1
    65.400   2594.980     20.210   2623.007   2379.420     19.360   2489.936   1963.356  1
    65.600   2610.600     20.270   2652.129   2395.450     19.420   2516.776   1964.290  1
    65.800   2619.280     20.120   2667.331   2422.340     19.360   2532.297   1965.223  1
    66.000   2641.200     20.260   2666.503   2393.200     19.290   2534.620   1966.157  0
    66.200   2605.570     20.310   2649.364   2402.590     19.510   2523.376   1967.091  0
    66.400   2537.170     20.050   2617.571   2372.570     19.380   2499.811   1968.024  0
    66.600   2485.310     19.850   2574.389   2307.390     19.110   2466.524   1968.958  0
    66.800   2443.090     19.680   2524.049   2288.260     19.040   2426.944   1969.892  0
    67.000   2361.140     19.330   2470.999   2235.640     18.810   2384.721   1970.825  0
    67.200   2378.940     19.150   2419.266   2182.330     18.350   2343.190   1971.759  0
    67.400   2286.450     19.160   2372.038   2163.910     18.650   2305.023   1972.693  0
    67.600   2266.880     19.070   2331.504   2155.040     18.580   2272.092   1973.627  0
    67.800   2193.470     18.760   2298.339   2087.070     18.300   2244.933   1974.000  0
    68.000   2177.050     18.690   2273.180   2043.000     18.110   2224.192   1974.000  0
    68.200   2191.570     18.770   2256.257   2062.520     18.190   2210.223   1974.000  0
    68.400   2147.220     18.570   2247.014   2069.630     18.220   2202.673   1974.000  0
    68.600   2165.510     18.840   2244.608   2112.680     18.610   2200.945   1974.000  0
    68.800   2177.240     19.090   2247.988   2109.000     18.800   2204.255   1974.000  0
    69.000   2177.520     19.100   2255.945   2083.500     18.680   2211.648   1974.000  0
    69.200   2177.640     19.100   2267.147   2070.010     18.610   2222.010   1974.000  0
    69.400   2162.400     19.040   2280.193   2110.390     18.800   2234.105   1974.000  0
    69.600   2214.230     19.240   2293.673   2078.300     18.650   2246.633   1974.000  0
    69.800   2198.690     19.330   2306.261   2111.410     18.930   2258.335   1974.000  0
    70.000   2225.040     19.730   2316.825   2189.230     19.570   2268.115   1974.000  0
    70.200   2264.430     19.900   2324.536   2152.500     19.410   2275.175   1974.000  0
    70.400   2269.640     19.930   2328.950   2156.450     19.420   2279.111   1974.000  0
    70.600   2205.030     19.650   2330.052   2149.130     19.400   2279.963   1974.000  0
    70.800   2266.710     19.910   2328.236   2114.840     19.230   2278.197   1974.000  0
    71.000   2247.440     19.820   2324.225   2145.470     19.370   2274.614   1974.000  0
    71.200   2268.700     20.390   2318.944   2145.690     19.830   2270.209   1974.000  0
    71.400   2253.920     20.310   2313.367   2159.990     19.880   2266.012   1974.000  0
    71.600   2261.980     20.360   2308.375   2146.000     19.830   2262.925   1974.000  0
    71.800   2225.300     20.200   2304.635   2127.170     19.730   2261.604   1974.000  0
    72.000   2226.910     20.210   2302.536   2117.470     19.700   2262.382   1974.000  0
    72.200   2269.480     20.390   2302.171   2177.950     19.970   2265.259   1974.000  0
    72.400   2288.940     20.730   2303.370   2157.010     20.120   2269.935   1974.000  0
    72.600   2252.560     20.830   2305.780   2195.510     20.540   2275.898   1974.000  0
    72.800   2269.910     21.140   2308.964   2180.950     20.710   2282.540   1974.000  0
    73.000   2250.190     20.820   2312.511   2225.810     20.700   2289.274   1974.000  0
    73.200   2233.880     20.740   2316.134   2208.520     20.610   2295.654   1974.000  0
    73.400   2217.290     20.650   2319.737   2194.700     20.540   2301.455   1974.000  0
    73.600   2270.670     20.340   2323.435   2229.140     20.150   2306.697   1974.000  0
    73.800   2257.740     20.810   2327.516   2210.490     20.600   2311.625   1974.000  0
    74.000   2278.970     20.900   2332.361   2233.120     20.670   2316.615   1974.000  0
    74.200   2265.430     20.850   2338.320   2222.570     20.660   2322.056   1974.000  0
    74.400   2243.390     20.750   2345.587   2201.370     20.560   2328.216   1974.000  0
    74.600   2290.610     20.980   2354.099   2202.540     20.560   2335.126   1974.000  0
    74.800   2221.730     20.630   2363.488   2178.350     20.430   2342.525   1974.000  0
    75.000   2260.790     21.100   2373.097   2201.810     20.820   2349.867   1974.000  0
    75.200   2303.920     21.570   2382.062   2184.300     21.010   2356.394   1974.000  0
    75.400   2291.550     21.520   2389.450   2232.090     21.240   2361.265   1974.000  0
    75.600   2260.690     21.380   2394.407   2212.280     21.140   2363.709   1974.000  0
    75.800   2268.730     21.390   2396.306   2215.940     21.150   2363.160   1974.000  0
    76.000   2307.050     21.590   2394.841   2192.470     21.040   2359.372   1974.000  0
    76.200   2292.570     21.530   2390.084   2217.940     21.160   2352.459   1974.000  0
    76.400   2257.740     21.930   2382.468   2225.260     21.770   2342.892   1974.000  0
    76.600   2276.600     22.020   2372.722   2146.670     21.380   2331.435   1974.000  0
    76.800   2257.820     21.940   2361.769   2113.640     21.220   2319.040   1974.000  0
    77.000   2205.120     21.690   2350.610   2172.970     21.530   2306.730   1974.000  0
    77.200   2216.990     21.760   2340.206   2174.030     21.530   2295.480   1974.000  0
    77.400   2243.190     21.850   2331.373   2083.000     21.070   2286.117   1974.000  0
    77.600   2288.850     22.410   2324.718   2109.100     21.490   2279.241   1974.000  0
    77.800   2266.860     22.600   2320.595   2126.160     21.890   2275.194   1974.000  0
    78.000   2250.160     22.520   2319.098   2097.980     21.720   2274.044   1974.000  0
    78.200   2253.270     22.550   2320.083   2162.230     22.080   2275.613   1974.000  0
    78.400   2247.790     22.500   2323.207   2114.680     21.800   2279.514   1974.000  0
    78.600   2232.640     22.410   2327.977   2137.240     21.930   2285.204   1974.000  0
    78.800   2248.490     22.520   2333.808   2172.670     22.150   2292.047   1974.000  0
    79.000   2290.680     23.390   2340.074   2195.970     22.920   2299.364   1974.000  0
    79.200   2346.620     23.680   2346.154   2271.130     23.300   2306.489   1974.000  0
    79.400   2325.880     23.590   2351.470   2191.730     22.890   2312.805   1974.000  0
    79.600   2287.130     23.390   2355.512   2234.800     23.120   2317.777   1974.000  0
    79.800   2306.620     23.490   2357.857   2219.090     23.030   2320.969   1974.000  0
    80.000   2349.970     23.690   2358.174   2213.050     23.000   2322.055   1974.000  0
    80.200   2332.720     23.990   2356.223   2237.820     23.480   2320.814   1974.000  0
    80.400   2350.890     24.450   2351.850   2266.790     24.000   2317.125   1974.000  0
    80.600   2263.860     23.980   2344.976   2265.450     23.990   2310.951   1974.000  0
    80.800   2319.440     24.300   2335.588   2260.630     24.000   2302.323   1974.000  0
    81.000   2288.250     24.100   2323.733   2197.270     23.630   2291.334   1974.000  0
    81.200   2305.560     24.210   2309.513   2213.400     23.720   2278.129   1974.000  0
    81.400   2274.240     24.050   2293.090   2234.540     23.840   2262.899   1974.000  0
    81.600   2326.160     25.110   2274.685   2174.360     24.270   2245.883   1974.000  0
    81.800   2291.730     24.920   2254.585   2246.130     24.650   2227.371   1974.000  0
    82.000   2297.690     24.970   2233.137   2206.980     24.460   2207.695   1974.000  0



#phase 1
  h   k   l mult    sthovl    ttheta
  1   1   1    8   0.08397     7.684
  2   0   0    6   0.09696     8.938
  2   2   0   12   0.13713    12.823
  3   1   1   24   0.16080    15.119
  2   2   2    8   0.16795    15.814
  4   0   0    6   0.19393    18.345
  3   3   1   24   0.21133    20.044
  4   2   0   24   0.21682    20.581
  4   2   2   24   0.23751    22.611
  5   1   1   24   0.25192    24.028
  3   3   3    8   0.25192    24.028
  4   4   0   12   0.27425    26.232
  5   3   1   48   0.28682    27.477
  6   0   0    6   0.29089    27.881
  4   4   2   24   0.29089    27.881
  6   2   0   24   0.30663    29.445
  5   3   3   24   0.31792    30.572
  6   2   2   24   0.32159    30.939
  4   4   4    8   0.33589    32.371
  5   5   1   24   0.34623    33.410
  7   1   1   24   0.34623    33.410
  6   4   0   24   0.34961    33.750
  6   4   2   48   0.36281    35.081
  5   5   3   24   0.37240    36.051
  7   3   1   48   0.37240    36.051
  8   0   0    6   0.38786    37.622
  7   3   3   24   0.39684    38.538
  8   2   0   24   0.39979    38.839
  6   4   4   24   0.39979    38.839
  6   6   0   12   0.41138    40.026
  8   2   2   24   0.41138    40.026
  5   5   5    8   0.41987    40.897
  7   5   1   48   0.41987    40.897
  6   6   2   24   0.42266    41.184
  8   4   0   24   0.43364    42.317
  9   1   1   24   0.44169    43.151
  7   5   3   48   0.44169    43.151
  8   4   2   48   0.44434    43.426
  6   6   4   24   0.45480    44.513
  9   3   1   48   0.46249    45.315
  8   4   4   24   0.47502    46.627
  7   7   1   24   0.48239    47.402
  9   3   3   24   0.48239    47.402
  7   5   5   24   0.48239    47.402
 10   0   0    6   0.48482    47.658
  8   6   0   24   0.48482    47.658
  8   6   2   48   0.49442    48.671
 10   2   0   24   0.49442    48.671
  7   7   3   24   0.50150    49.422
  9   5   1   48   0.50150    49.422
 10   2   2   24   0.50384    49.670
  6   6   6    8   0.50384    49.670
  9   5   3   48   0.51991    51.383
  8   6   4   48   0.52217    51.625
 10   4   0   24   0.52217    51.625
 10   4   2   48   0.53109    52.583
  7   7   5   24   0.53769    53.294
 11   1   1   24   0.53769    53.294
  8   8   0   12   0.54851    54.464
 11   3   1   48   0.55490    55.158
  9   5   5   24   0.55490    55.158
  9   7   1   48   0.55490    55.158
  8   8   2   24   0.55701    55.388
 10   4   4   24   0.55701    55.388
  8   6   6   24   0.56539    56.302
 10   6   0   24   0.56539    56.302
 11   3   3   24   0.57159    56.982
  9   7   3   48   0.57159    56.982
 10   6   2   48   0.57365    57.207
 12   0   0    6   0.58178    58.103
  8   8   4   24   0.58178    58.103
 11   5   1   48   0.58781    58.769
  7   7   7    8   0.58781    58.769
 12   2   0   24   0.58981    58.990
 12   2   2   24   0.59772    59.870
 10   6   4   48   0.59772    59.870
 11   5   3   48   0.60359    60.524
  9   7   5   48   0.60359    60.524
 12   4   0   24   0.61325    61.605
  9   9   1   24   0.61898    62.249
  8   8   6   24   0.62087    62.463
 10   8   0   24   0.62087    62.463
 12   4   2   48   0.62087    62.463
 10   8   2   48   0.62840    63.314
 11   5   5   24   0.63398    63.948
 13   1   1   24   0.63398    63.948
 11   7   1   48   0.63398    63.948
  9   9   3   24   0.63398    63.948
 10   6   6   24   0.63583    64.159
 12   4   4   24   0.64318    64.997
 13   3   1   48   0.64864    65.623
 11   7   3   48   0.64864    65.623
  9   7   7   24   0.64864    65.623
 12   6   0   24   0.65045    65.831
 10   8   4   48   0.65045    65.831
 12   6   2   48   0.65764    66.659
 13   3   3   24   0.66298    67.276
  9   9   5   24   0.66298    67.276
  8   8   8    8   0.67178    68.300
 13   5   1   48   0.67701    68.910
 11   7   5   48   0.67701    68.910
 12   6   4   48   0.67875    69.113
 14   0   0    6   0.67875    69.113
 10   8   6   48   0.68564    69.923
 14   2   0   24   0.68564    69.923
 10  10   0   12   0.68564    69.923
 13   5   3   48   0.69076    70.527
 11   9   1   48   0.69076    70.527
 10  10   2   24   0.69246    70.728
 14   2   2   24   0.69246    70.728
 12   8   0   24   0.69922    71.529
 11   9   3   48   0.70424    72.128
  9   9   7   24   0.70424    72.128
 12   8   2   48   0.70591    72.327
 14   4   0   24   0.70591    72.327
 14   4   2   48   0.71254    73.122
 10  10   4   24   0.71254    73.122
 12   6   6   24   0.71254    73.122
 13   7   1   48   0.71747    73.715
 13   5   5   24   0.71747    73.715
 11   7   7   24   0.71747    73.715
 12   8   4   48   0.72561    74.701
 15   1   1   24   0.73045    75.290
 13   7   3   48   0.73045    75.290
 11   9   5   48   0.73045    75.290
 10   8   8   24   0.73206    75.486
 14   4   4   24   0.73206    75.486
 14   6   0   24   0.73845    76.268
 15   3   1   48   0.74321    76.854
 10  10   6   24   0.74479    77.048
 14   6   2   48   0.74479    77.048
 11  11   1   24   0.75576    78.408
 15   3   3   24   0.75576    78.408
  9   9   9    8   0.75576    78.408
 13   7   5   48   0.75576    78.408
 12  10   0   24   0.75731    78.601
 12   8   6   48   0.75731    78.601
 12  10   2   48   0.76349    79.375
 14   6   4   48   0.76349    79.375
 15   5   1   48   0.76810    79.954
 13   9   1   48   0.76810    79.954
 11  11   3   24   0.76810    79.954
 11   9   7   48   0.76810    79.954
 16   0   0    6   0.77571    80.916
 15   5   3   48   0.78024    81.492
 13   9   3   48   0.78024    81.492


