#Wavelength 1.4
#Orientation 0.01551 0.00646 0.99986 -0.83879 -0.54436 0.01653 0.54435 -0.83886 -0.00303
#Polarisation  0.99986  0.01653 -0.00303 -0.91  0.91
#Magnetic_field  7
    1    1    0    0.2620    0.0036  103.8852    0.3958    1.2783   -0.0044    1
    2    1    0    0.5093    0.0075   64.3913    0.2453    1.2429   -0.0035    1
    0    2    0    2.1344    0.0194   77.8875    0.2967    1.2611   -0.0040    1
    1    2    0    0.7565    0.0076   68.3489    0.2604    1.2494   -0.0037    1
    2    2    0    0.4952    0.0023   52.8642    0.2014    1.2145   -0.0027    1
    1    3    0    2.2080    0.0463   49.5200    0.1887    1.2022   -0.0024    1
    2    3    0    2.3388    0.2088   42.8889    0.1634    1.1683   -0.0014    1
    0    4    0    0.2128    0.0045   40.2237    0.1533    1.1494   -0.0009    1
    1    4    0    0.8105    0.0028   38.8970    0.1482    1.1383   -0.0006    1
    2    4    0    0.1497    0.0174   35.6756    0.1359    1.1057    0.0003    1
    1    5    0    0.1448    0.0116   32.3514    0.1233    1.0598    0.0017    1
    2    5    0    0.4140    0.0823   30.6288    0.1167    1.0288    0.0026    1
    0    6    0    3.0277    0.1943   28.4464    0.1084    0.9791    0.0042    1
    1    6    0    0.5825    0.1736   28.0816    0.1070    0.9693    0.0045    1
    2    6    0    0.6137    0.0044   27.1047    0.1033    0.9404    0.0055    1
    1    7    0    0.0876    0.0238   25.2338    0.0961    0.8703    0.0078    1
    2    7    0    1.0917    0.0206   24.6710    0.0940    0.8437    0.0088    1
    0    8    0    0.8273    0.0146   23.4951    0.0895    0.7746    0.0114    1
    1    8    0    0.9591    0.1400   23.3823    0.0891    0.7665    0.0117    1
    1    0    1    0.5101    0.1096  113.8883    0.4339    1.2819   -0.0045    1
    1    1    1    0.2006    0.0031   91.9962    0.3505    1.2722   -0.0043    1
    2    1    1    0.6290    0.0021   61.3492    0.2337    1.2369   -0.0033    1
    0    2    1    0.7120    0.0020   72.5737    0.2765    1.2552   -0.0038    1
    1    2    1    3.5033    0.0674   64.7178    0.2466    1.2434   -0.0035    1
    2    2    1    0.2846    0.0012   51.1954    0.1951    1.2087   -0.0026    1
    1    3    1    0.1075    0.0011   48.1600    0.1835    1.1965   -0.0022    1
    2    3    1    0.2367    0.0069   42.0328    0.1601    1.1626   -0.0013    1
    0    4    1    0.0546    0.0013   39.5323    0.1506    1.1438   -0.0008    1
    1    4    1    1.6060    0.0335   38.2799    0.1458    1.1328   -0.0004    1
    2    4    1    0.1886    0.0060   35.2192    0.1342    1.1003    0.0005    1
    1    5    1    0.3417    0.0046   32.0332    0.1220    1.0545    0.0019    1
    2    5    1    1.0886    0.0715   30.3722    0.1157    1.0237    0.0028    1
    0    6    1    1.4725    0.0491   28.2589    0.1077    0.9742    0.0044    1
    1    6    1    1.8306    0.4250   27.9047    0.1063    0.9644    0.0047    1
    1    9    1    0.1012    0.0988   22.3096    0.0850    0.6590    0.0162    1
    0    0    2    0.1024    0.0014   98.3540    0.3747    1.2757   -0.0044    1
    2    0    2    0.6303    0.0072   57.7777    0.2201    1.2287   -0.0031    1
    1    1    2    3.4197    0.0508   71.8607    0.2738    1.2543   -0.0038    1
    2    1    2    1.4521    0.0481   54.3744    0.2072    1.2193   -0.0029    1
    0    2    2    0.3753    0.0091   61.5535    0.2345    1.2374   -0.0033    1
    1    2    2    1.0836    0.0071   56.6285    0.2158    1.2257   -0.0030    1
    2    2    2    0.2404    0.0068   47.0535    0.1793    1.1914   -0.0021    1
    1    3    2    1.1689    0.0188   44.7117    0.1704    1.1792   -0.0017    1
    2    3    2    2.3109    0.1456   39.7741    0.1515    1.1458   -0.0008    1
    0    4    2    3.2190    0.2145   37.6806    0.1436    1.1271   -0.0003    1
    1    4    2    1.7543    0.0898   36.6156    0.1395    1.1162    0.0000    1
    2    4    2    0.3443    0.0320   33.9679    0.1294    1.0840    0.0010    1
    1    5    2    0.3853    0.0030   31.1474    0.1187    1.0388    0.0023    1
    2    5    2    1.5779    0.0260   29.6525    0.1130    1.0083    0.0033    1
    0    6    2    0.3019    0.0043   27.7284    0.1056    0.9594    0.0048    1
    1    6    2    0.8064    0.0232   27.4037    0.1044    0.9497    0.0052    1
    2    6    2   11.2111    2.1158   26.5303    0.1011    0.9212    0.0061    1
    1    7    2    0.4707    0.0069   24.8445    0.0947    0.8523    0.0085    1
    2    7    2    2.6313    4.5031   24.3352    0.0927    0.8262    0.0094    1
    1    8    2    1.0418    0.0477   23.1708    0.0883    0.7504    0.0123    1
    1    0    3    1.2638    0.0162   60.0601    0.2288    1.2341   -0.0033    1
    1    1    3    0.1802    0.0030   56.2419    0.2143    1.2247   -0.0030    1
    2    1    3    0.4814    0.0041   46.8401    0.1785    1.1903   -0.0021    1
    0    2    3    0.1148    0.0034   51.0276    0.1944    1.2081   -0.0025    1
    1    2    3    0.5339    0.0066   48.2067    0.1837    1.1967   -0.0022    1
    2    2    3    1.6464    0.0159   42.0625    0.1603    1.1628   -0.0013    1
    1    3    3    0.1130    0.0024   40.4226    0.1540    1.1509   -0.0010    1
    2    3    3    0.6790    0.0111   36.7863    0.1402    1.1180    0.0000    1
    0    4    3   15.0074    1.2634   35.1718    0.1340    1.0997    0.0005    1
    1    4    3    0.8461    0.1147   34.3342    0.1308    1.0890    0.0008    1
    2    4    3    0.3946    0.0027   32.2049    0.1227    1.0574    0.0018    1
    1    5    3    0.2453    0.0071   29.8657    0.1138    1.0130    0.0031    1
    2    5    3    0.7491    0.1250   28.5977    0.1090    0.9831    0.0041    1
    0    6    3   -0.1290    0.1172   26.9395    0.1026    0.9351    0.0056    1
    1    6    3    0.9396    0.0123   26.6570    0.1016    0.9256    0.0059    1
    1    8    3    1.5105    0.3423   22.9369    0.0874    0.7306    0.0131    1
    1    9    3    0.3110    0.0602   22.1629    0.0844    0.6314    0.0175    1
    0    0    4    0.1076    0.0015   50.1562    0.1911    1.2048   -0.0025    1
    2    0    4    0.3159    0.0106   41.5974    0.1585    1.1596   -0.0012    1
    1    1    4    0.0789    0.0015   45.6135    0.1738    1.1841   -0.0019    1
    2    1    4    0.9724    0.0163   40.3771    0.1538    1.1506   -0.0009    1
    0    2    4    0.0704    0.0065   42.8265    0.1632    1.1679   -0.0014    1
    1    2    4    0.9208    0.0453   41.1978    0.1570    1.1567   -0.0011    1
    2    2    4    0.1507    0.0066   37.3410    0.1423    1.1237   -0.0002    1
    1    3    4    0.9947    0.1159   36.2380    0.1381    1.1121    0.0002    1
    2    3    4    2.7648    0.3840   33.6799    0.1283    1.0800    0.0011    1
    0    4    4    0.1571    0.0112   32.4946    0.1238    1.0621    0.0016    1
    1    4    4    0.7665    0.0132   31.8678    0.1214    1.0517    0.0019    1
    2    4    4    0.3060    0.0092   30.2384    0.1152    1.0209    0.0029    1
    1    5    4    0.0719    0.0126   28.3906    0.1082    0.9777    0.0042    1
    0    6    4    0.1015    0.0117   26.0014    0.0991    0.9019    0.0067    1
    2    6    4    0.5294    0.0063   25.1301    0.0957    0.8656    0.0080    1
    1    7    4    0.0489    0.0364   23.8848    0.0910    0.8001    0.0104    1
    2    7    4    1.0399    0.0345   23.5077    0.0896    0.7754    0.0113    1
    0    8    4    0.7393    0.1043   22.7334    0.0866    0.7113    0.0139    1
    2    8    4    0.4989    0.0715   22.4725    0.0856    0.6819    0.0152    1
    1    0    5    0.7781    0.0065   39.3599    0.1500    1.1423   -0.0007    1
    1    1    5    0.1298    0.0258   38.3446    0.1461    1.1334   -0.0005    1
    2    1    5    0.7526    0.0044   35.2672    0.1344    1.1008    0.0005    1
    0    2    5   17.5929    0.6532   36.7495    0.1400    1.1176    0.0000    1
    1    2    5    1.2520    0.0085   35.7724    0.1363    1.1068    0.0003    1
    2    2    5    0.4105    0.0024   33.3227    0.1270    1.0749    0.0013    1
    1    3    5    0.1946    0.0022   32.5864    0.1242    1.0636    0.0016    1
    2    3    5    1.3055    0.0731   30.8177    0.1174    1.0325    0.0025    1
    0    4    5    0.3417    0.0030   29.9694    0.1142    1.0152    0.0031    1
    1    4    5    1.0473    0.0201   29.5135    0.1124    1.0052    0.0034    1
    2    4    5    3.2278    0.1281   28.3052    0.1078    0.9754    0.0043    1
    1    5    5    0.5392    0.0073   26.8963    0.1025    0.9337    0.0057    1
    2    5    5    1.1528    0.0432   26.0982    0.0994    0.9056    0.0066    1
    0    6    5    1.3561    0.0476   25.0213    0.0953    0.8606    0.0082    1
    1    6    5    1.1194    0.0213   24.8346    0.0946    0.8518    0.0085    1
    2    6    5    0.7992    0.2953   24.3267    0.0927    0.8257    0.0094    1
    0    8    5    0.8542    0.0129   22.4413    0.0855    0.6779    0.0153    1
    1    8    5    0.9631    0.0311   22.3889    0.0853    0.6708    0.0157    1
    0    0    6    0.4082    0.0015   34.6178    0.1319    1.0927    0.0007    1
    2    0    6    0.2110    0.0028   31.8052    0.1212    1.0506    0.0020    1
    1    1    6    2.0547    0.1100   33.2293    0.1266    1.0735    0.0013    1
    2    1    6    1.2365    0.0492   31.3316    0.1194    1.0422    0.0022    1
    0    2    6    0.3889    0.0036   32.2623    0.1229    1.0583    0.0017    1
    1    2    6    1.4526    0.2077   31.6523    0.1206    1.0480    0.0021    1
    2    2    6    0.5369    0.0044   30.0637    0.1145    1.0173    0.0030    1
    1    3    6    1.1257    0.0159   29.5696    0.1127    1.0064    0.0033    1
    2    3    6    3.4450    0.9174   28.3519    0.1080    0.9767    0.0043    1
    0    4    6    4.0107    0.4447   27.7527    0.1057    0.9601    0.0048    1
    1    4    6    0.8119    0.0147   27.4267    0.1045    0.9504    0.0051    1
    2    4    6    3.0899    0.3630   26.5498    0.1012    0.9219    0.0061    1
    1    5    6    0.4833    0.0060   25.5056    0.0972    0.8820    0.0074    1
    2    5    6    1.9115    0.3718   24.9053    0.0949    0.8552    0.0084    1
    2    6    6    0.3221    0.0189   23.5610    0.0898    0.7791    0.0112    1
    1    7    6    0.6055    0.0118   22.8161    0.0869    0.7194    0.0136    1
    2    7    6    1.0071    0.0335   22.5996    0.0861    0.6971    0.0145    1
    1    0    7    1.1598    0.0091   29.9079    0.1139    1.0139    0.0031    1
    1    1    7    0.3698    0.0071   29.5375    0.1125    1.0057    0.0034    1
    2    1    7    0.6255    0.0185   28.3252    0.1079    0.9759    0.0043    1
    0    2    7    0.3349    0.0036   28.9264    0.1102    0.9913    0.0038    1
    1    2    7    0.6559    0.0494   28.5338    0.1087    0.9814    0.0041    1
    2    2    7    1.1710    0.0852   27.4857    0.1047    0.9522    0.0051    1
    1    3    7    0.3134    0.0043   27.1524    0.1035    0.9419    0.0054    1
    2    3    7    0.9271    0.0133   26.3165    0.1003    0.9136    0.0063    1
    0    4    7    6.0173    0.3640   25.8981    0.0987    0.8979    0.0069    1
    1    4    7    0.6799    0.3384   25.6686    0.0978    0.8887    0.0072    1
    2    4    7    0.5378    0.0062   25.0456    0.0954    0.8618    0.0081    1
    1    5    7    0.4538    0.0143   24.2949    0.0926    0.8240    0.0095    1
    2    5    7    0.4508    0.1670   23.8610    0.0909    0.7987    0.0104    1
    1    6    7    0.9326    0.0175   23.1708    0.0883    0.7504    0.0123    1
    2    7    7    0.5035    0.2983   22.2573    0.0848    0.6503    0.0166    1
    0    0    8    0.7864    0.0247   27.3768    0.1043    0.9489    0.0052    1
    2    0    8    0.4943    0.0053   26.2472    0.1000    0.9111    0.0064    1
    1    1    8    0.1333    0.0112   26.8342    0.1022    0.9316    0.0057    1
    2    1    8    0.8592    0.0485   26.0452    0.0992    0.9036    0.0067    1
    0    2    8    0.5791    0.0063   26.4391    0.1007    0.9180    0.0062    1
    1    2    8    0.9337    0.0118   26.1824    0.0998    0.9087    0.0065    1
    2    2    8    3.9178    0.5833   25.4871    0.0971    0.8812    0.0075    1
    1    3    8    0.8062    0.0709   25.2632    0.0963    0.8716    0.0078    1
    0    4    8    0.4910    0.4519   24.4104    0.0930    0.8302    0.0093    1
    1    4    8    1.1611    0.0416   24.2530    0.0924    0.8217    0.0096    1
    2    4    8    0.7452    0.0158   23.8248    0.0908    0.7964    0.0105    1
    1    5    8    0.4027    0.0172   23.3099    0.0888    0.7611    0.0119    1
    0    6    8    0.7446    0.0071   22.6261    0.0862    0.7000    0.0144    1
    1    6    8    1.0941    0.0627   22.5610    0.0860    0.6926    0.0147    1
    2    6    8    0.0015    0.1156   22.3909    0.0853    0.6711    0.0156    1
    1    1    9    0.3410    0.0243   24.8579    0.0947    0.8529    0.0085    1
    2    1    9    0.8690    0.0227   24.3467    0.0928    0.8268    0.0094    1
    0    2    9    0.1774    0.0467   24.6026    0.0937    0.8403    0.0089    1
    1    2    9    1.0706    0.0499   24.4360    0.0931    0.8316    0.0092    1
    2    2    9    0.4644    0.0140   23.9827    0.0914    0.8061    0.0102    1
    1    3    9    0.4809    0.0084   23.8363    0.0908    0.7971    0.0105    1
    2    3    9    1.0513    0.1416   23.4660    0.0894    0.7725    0.0114    1
    0    4    9    0.2577    0.0296   23.2799    0.0887    0.7589    0.0120    1
    1    4    9    1.0952    0.1297   23.1780    0.0883    0.7509    0.0123    1
    1    5    9    0.6723    0.0152   22.5829    0.0860    0.6952    0.0146    1
    2    5    9    1.2773    0.3136   22.4086    0.0854    0.6735    0.0155    1
    0    6    9    0.9158    0.1003   22.1987    0.0846    0.6392    0.0171    1
    0    0   10    0.8028    0.0036   23.6691    0.0902    0.7864    0.0109    1
    2    0   10    0.1976    0.0359   23.2184    0.0885    0.7541    0.0122    1
    1    1   10    0.3325    0.1964   23.4531    0.0894    0.7716    0.0115    1
    2    1   10    1.1171    0.0521   23.1376    0.0882    0.7477    0.0124    1
    0    2   10    0.5976    0.0175   23.2951    0.0888    0.7600    0.0119    1
    1    2   10    1.1656    0.0351   23.1924    0.0884    0.7521    0.0122    1
    1    3   10    1.0524    0.0208   22.8276    0.0870    0.7205    0.0135    1
    1    4   10    0.9962    0.0142   22.4460    0.0855    0.6785    0.0153    1
    2    4   10    1.6915    0.1953   22.2996    0.0850    0.6574    0.0163    1
    1    1   11    0.4472    0.0536   22.5374    0.0859    0.6899    0.0148    1
    2    1   11    0.9218    0.0284   22.3720    0.0852    0.6684    0.0158    1
    0    2   11    0.8564    0.0660   22.4533    0.0855    0.6795    0.0153    1
    2    2   11    0.7080    0.0188   22.2637    0.0848    0.6514    0.0165    1
    1    3   11    0.6552    0.0128   22.2234    0.0847    0.6441    0.0169    1
