#Wavelength 1.4
#Orientation 0.35045  -0.93231 0.08933 0.93329 0.35562 0.05015 -0.07853 0.06580 0.99474
#Polarisation  0.08933 0.05015 0.99474 -0.81  0.91
#Magnetic_field  7
    2    0    0   2.50903   0.02135  70.45750    0.2684    1.2524   -0.0037    1
   -2    0    0   2.48224   0.01572  70.45750    0.2684    1.2524   -0.0037    1
   -6    0    0   0.40231   0.86625  26.35785    0.1004    0.9151    0.0063    1
    1    1    0   1.07836   0.00327 103.88522    0.3958    1.2783   -0.0044    1
    1   -1    0   1.01724   0.00278 103.88522    0.3958    1.2783   -0.0044    1
    2    1    0   1.02497   0.00782  64.39128    0.2453    1.2429   -0.0035    1
    2   -1    0   0.97979   0.00656  64.39128    0.2453    1.2429   -0.0035    1
    3    1    0   1.01346   0.01890  45.84701    0.1747    1.1854   -0.0019    1
    3   -1    0   1.00832   0.01143  45.84701    0.1747    1.1854   -0.0019    1
    4    1    0   1.01125   0.01891  35.87703    0.1367    1.1080    0.0003    1
    4   -1    0   0.99433   0.02494  35.87703    0.1367    1.1080    0.0003    1
    5    1    0   0.97608   0.00923  29.91538    0.1140    1.0141    0.0031    1
    5   -1    0   0.98269   0.00733  29.91538    0.1140    1.0141    0.0031    1
   -6    1    0   1.00440   0.03924  26.15118    0.0996    0.9076    0.0066    1
    6   -1    0   0.64743   0.24234  26.15118    0.0996    0.9076    0.0066    1
    1    2    0   1.03635   0.00481  68.34890    0.2604    1.2494   -0.0037    1
    1   -2    0   1.01368   0.00405  68.34890    0.2604    1.2494   -0.0037    1
    2    2    0   0.68053   0.00588  52.86423    0.2014    1.2145   -0.0027    1
    2   -2    0   0.66711   0.00394  52.86423    0.2014    1.2145   -0.0027    1
    3    2    0   0.96369   0.01035  41.36354    0.1576    1.1579   -0.0012    1
    3   -2    0   0.95021   0.00599  41.36354    0.1576    1.1579   -0.0012    1
    4    2    0   1.24235   0.05901  33.81515    0.1288    1.0819    0.0010    1
    4   -2    0   1.21272   0.03027  33.81515    0.1288    1.0819    0.0010    1
   -6    2    0   1.17561   0.24134  25.58075    0.0975    0.8851    0.0073    1
    6   -2    0   2.00376   2.70045  25.58075    0.0975    0.8851    0.0073    1
    1    3    0   0.58287   0.02051  49.52002    0.1887    1.2022   -0.0024    1
    1   -3    0   0.62080   0.01838  49.52002    0.1887    1.2022   -0.0024    1
    2    3    0   0.50119   0.33213  42.88894    0.1634    1.1683   -0.0014    1
    2   -3    0   0.85575   0.17986  42.88894    0.1634    1.1683   -0.0014    1
    3    3    0   1.03876   0.01116  36.34378    0.1385    1.1133    0.0001    1
    3   -3    0   1.05244   0.00625  36.34378    0.1385    1.1133    0.0001    1
    5    3    0   0.56172   1.11179  27.40883    0.1044    0.9499    0.0051    1
    5   -3    0   0.41560   0.80902  27.40883    0.1044    0.9499    0.0051    1
    0    4    0   1.03974   0.00966  40.22374    0.1533    1.1494   -0.0009    1
    0   -4    0   1.03759   0.01032  40.22374    0.1533    1.1494   -0.0009    1
    1    4    0   0.98424   0.00426  38.89702    0.1482    1.1383   -0.0006    1
    1   -4    0   0.97195   0.00408  38.89702    0.1482    1.1383   -0.0006    1
    2    4    0   0.87738   0.10757  35.67558    0.1359    1.1057    0.0003    1
    2   -4    0   1.00020   0.06822  35.67558    0.1359    1.1057    0.0003    1
    4    4    0   1.04107   0.04219  28.55571    0.1088    0.9820    0.0041    1
    4   -4    0   1.00222   0.01528  28.55571    0.1088    0.9820    0.0041    1
   -5    4    0   0.95195   0.05074  25.85831    0.0985    0.8963    0.0069    1
    3    5    0   0.92239   0.06375  28.43091    0.1083    0.9787    0.0042    1
    3   -5    0   0.84443   0.02278  28.43091    0.1083    0.9787    0.0042    1
    4    5    0   0.85160   0.10302  26.26530    0.1001    0.9118    0.0064    1
    4   -5    0   0.98965   0.03560  26.26530    0.1001    0.9118    0.0064    1
    0    6    0   0.89098   0.17663  28.44644    0.1084    0.9791    0.0042    1
    0   -6    0   1.63410   0.36241  28.44644    0.1084    0.9791    0.0042    1
    2    6    0   0.96363   0.00717  27.10466    0.1033    0.9404    0.0055    1
    2   -6    0   0.96901   0.00507  27.10466    0.1033    0.9404    0.0055    1
    3    6    0   0.99807   0.07729  25.79151    0.0983    0.8937    0.0070    1
    3   -6    0   0.92487   0.03146  25.79151    0.0983    0.8937    0.0070    1
    3    0    1   1.01734   0.01876  46.53513    0.1773    1.1888   -0.0020    1
   -3    0    1   1.16777   0.00911  46.53513    0.1773    1.1888   -0.0020    1
    2   -1    1   0.95952   0.00522  61.34924    0.2337    1.2369   -0.0033    1
    2    1    1   0.94893   0.00910  61.34924    0.2337    1.2369   -0.0033    1
    3   -1    1   0.92128   0.01501  44.78333    0.1706    1.1796   -0.0018    1
    3    1    1   0.92293   0.02116  44.78333    0.1706    1.1796   -0.0018    1
    5    1    1   1.11575   3.31343  29.68240    0.1131    1.0090    0.0033    1
    0    2    1   0.43837   0.02404  72.57368    0.2765    1.2552   -0.0038    1
    0   -2    1   0.53837   0.01335  72.57368    0.2765    1.2552   -0.0038    1
    1   -2    1   1.16946   0.00904  64.71780    0.2466    1.2434   -0.0035    1
    1    2    1   1.15472   0.01836  64.71780    0.2466    1.2434   -0.0035    1
    2   -2    1   0.81313   0.00451  51.19543    0.1951    1.2087   -0.0026    1
    2    2    1   0.86943   0.00626  51.19543    0.1951    1.2087   -0.0026    1
    3   -2    1   1.18138   0.10582  40.60419    0.1547    1.1523   -0.0010    1
    3    2    1   1.23823   0.30450  40.60419    0.1547    1.1523   -0.0010    1
    4   -2    1   0.84365   0.02407  33.43939    0.1274    1.0766    0.0012    1
    4    2    1   0.89968   0.04310  33.43939    0.1274    1.0766    0.0012    1
    6    2    1   0.66765   0.19832  25.47105    0.0970    0.8805    0.0075    1
    1   -3    1   0.83526   0.00303  48.16005    0.1835    1.1965   -0.0022    1
    1    3    1   0.88385   0.00407  48.16005    0.1835    1.1965   -0.0022    1
    2   -3    1   0.79889   0.03296  42.03284    0.1601    1.1626   -0.0013    1
    2    3    1   0.87526   0.05771  42.03284    0.1601    1.1626   -0.0013    1
    3   -3    1   0.82459   0.01933  35.85627    0.1366    1.1078    0.0003    1
    3    3    1   0.75581   0.04837  35.85627    0.1366    1.1078    0.0003    1
    4   -3    1   0.93425   0.03315  30.90369    0.1177    1.0342    0.0025    1
    4    3    1   0.84177   0.15531  30.90369    0.1177    1.0342    0.0025    1
    0    4    1   0.75285   0.00909  39.53226    0.1506    1.1438   -0.0008    1
    0   -4    1   0.71593   0.00799  39.53226    0.1506    1.1438   -0.0008    1
    1   -4    1   1.17026   0.04273  38.27990    0.1458    1.1328   -0.0004    1
    1    4    1   1.10494   0.03789  38.27990    0.1458    1.1328   -0.0004    1
    2   -4    1   0.61520   0.03827  35.21916    0.1342    1.1003    0.0005    1
    2    4    1   0.62789   0.06515  35.21916    0.1342    1.1003    0.0005    1
    4   -4    1   0.93372   0.01413  28.36493    0.1081    0.9770    0.0043    1
    4    4    1   0.90677   0.03007  28.36493    0.1081    0.9770    0.0043    1
    1   -5    1   0.93995   0.00860  32.03325    0.1220    1.0545    0.0019    1
    1    5    1   0.94147   0.00991  32.03325    0.1220    1.0545    0.0019    1
    2   -5    1   1.03672   0.07055  30.37223    0.1157    1.0237    0.0028    1
    2    5    1   1.01006   0.10977  30.37223    0.1157    1.0237    0.0028    1
    0    6    1   0.98830   0.02836  28.25889    0.1077    0.9742    0.0044    1
    0   -6    1   1.03106   0.02671  28.25889    0.1077    0.9742    0.0044    1
    3    6    1   1.06681   0.14040  25.67648    0.0978    0.8891    0.0072    1
    2    0    2   1.08646   0.00325  57.77773    0.2201    1.2287   -0.0031    1
   -2    0    2   0.90627   0.00150  57.77773    0.2201    1.2287   -0.0031    1
    4    0    2   3.33173   4.94215  34.79781    0.1326    1.0950    0.0007    1
    6    0    2   3.01472   1.45327  25.85918    0.0985    0.8964    0.0069    1
    1    1    2   1.10329   0.01887  71.86067    0.2738    1.2543   -0.0038    1
    3   -1    2   0.82265   0.01117  42.02488    0.1601    1.1626   -0.0013    1
    3    1    2   0.88786   0.01667  42.02488    0.1601    1.1626   -0.0013    1
    4    1    2   0.95626   0.05976  34.13597    0.1301    1.0863    0.0009    1
    5    1    2   0.99716   0.33935  29.02705    0.1106    0.9938    0.0037    1
    6    1    2   1.01363   0.07899  25.67299    0.0978    0.8889    0.0072    1
    0    2    2   1.02817   0.00313  61.55352    0.2345    1.2374   -0.0033    1
    0   -2    2   1.00317   0.00175  61.55352    0.2345    1.2374   -0.0033    1
    1   -2    2   1.06010   0.00420  56.62849    0.2158    1.2257   -0.0030    1
    1    2    2   1.06178   0.00660  56.62849    0.2158    1.2257   -0.0030    1
    2    2    2   1.32395   0.02289  47.05355    0.1793    1.1914   -0.0021    1
    4    2    2   1.01777   0.09125  32.40007    0.1234    1.0606    0.0017    1
    3   -3    2   1.05894   0.01877  34.52415    0.1315    1.0915    0.0008    1
    3    3    2   1.12233   0.02986  34.52415    0.1315    1.0915    0.0008    1
    5    3    2   0.98859   0.05549  26.80281    0.1021    0.9306    0.0058    1
    0    4    2   1.20379   0.01252  37.68058    0.1436    1.1271   -0.0003    1
    0   -4    2   1.26160   0.01085  37.68058    0.1436    1.1271   -0.0003    1
    1    4    2   1.05849   0.02380  36.61558    0.1395    1.1162    0.0000    1
    3   -4    2   0.98241   0.00888  30.78646    0.1173    1.0319    0.0026    1
    3    4    2   0.96206   0.01591  30.78646    0.1173    1.0319    0.0026    1
    5    4    2   0.57639   0.87723  25.40883    0.0968    0.8779    0.0076    1
    1   -5    2   0.95492   0.00491  31.14739    0.1187    1.0388    0.0023    1
    1    5    2   0.98184   0.00440  31.14739    0.1187    1.0388    0.0023    1
    2   -5    2   1.04846   0.01698  29.65249    0.1130    1.0083    0.0033    1
    2    5    2   1.03408   0.02204  29.65249    0.1130    1.0083    0.0033    1
    3    5    2   1.19223   0.38339  27.71458    0.1056    0.9590    0.0049    1
    4    5    2   0.97308   0.39789  25.77582    0.0982    0.8931    0.0070    1
    0    6    2   0.90981   0.00867  27.72839    0.1056    0.9594    0.0048    1
    1    6    2   0.90794   0.03136  27.40369    0.1044    0.9497    0.0052    1
    2    6    2   1.19409   0.14646  26.53030    0.1011    0.9212    0.0061    1
    3    6    2   0.83157   0.28344  25.34853    0.0966    0.8753    0.0077    1
