   h    k    l      d (Å)      F(real)      F(imag)          |F|         2θ          I    M
   2   -1    0  17.416000   -57.329315     0.000000      57.3293    7.73699    6.70190    6
   3    0    0  10.055132  -206.961930     0.000000      206.962   13.42135   28.72059    6
   4   -2    0   8.708000  -363.605635     0.000000      363.606   15.50954   66.03706    6
   5   -1    0   6.582629   429.131579     0.000000      429.132   20.56481   51.50698    6
   5   -4    0   6.582629   373.174481     0.000000      373.174   20.56481   38.95014    6
   1    0    1   5.992724    55.481558     0.000000      55.4816   22.61460    0.70666    6
   6   -3    0   5.805333  -297.779975     0.000000       297.78   23.35469   19.03262    6
   2    0   -1   5.666641   -76.458803     0.000000      76.4588   23.93466    1.19196    6
   3   -2   -1   5.388583   431.690502     0.000000      431.691   25.18948   34.13112    6
   3   -1    1   5.388583  -738.919647     0.000000       738.92   25.18948  100.00000    6
   6    0    0   5.027566   154.448669     0.000000      154.449   27.03136    3.76401    6
   4   -3    1   4.936674  -254.883191     0.000000      254.883   27.53877    9.85448    6
   4   -1   -1   4.936674   667.155201     0.000000      667.155   27.53877   67.51577    6
   7   -2    0   4.830329   -32.330930     0.000000      32.3309   28.15742    0.15124    6
   7   -5    0   4.830329   169.928827     0.000000      169.929   28.15742    4.17809    6
   4    0    1   4.749553   326.882153     0.000000      326.882   28.64644   14.90383    6
   5   -3   -1   4.582215   -62.134649     0.000000      62.1346   29.71622    0.49793    6
   5   -2    1   4.582215   -11.980634     0.000000      11.9806   29.71622    0.01851    6
   8   -4    0   4.354000  -115.688369     0.000000      115.688   31.31268    1.54269    6
   5    0   -1   4.294563    29.936443     0.000000      29.9364   31.75741    0.10021    6
   6   -4    1   4.169665  -245.443383     0.000000      245.443   32.73500    6.30862    6
   6   -2   -1   4.169665   -68.117149     0.000000      68.1171   32.73500    0.48590    6
   6   -1    1   4.055066   231.984152     0.000000      231.984   33.68729    5.29574    6
   6   -5   -1   4.055066  -198.906321     0.000000      198.906   33.68729    3.89321    6
   8   -1    0   3.995505    95.997622     0.000000      95.9976   34.20482    0.87725    6
   8   -7    0   3.995505  -223.466879     0.000000      223.467   34.20482    4.75368    6
   7   -4   -1   3.851632  -215.739664     0.000000       215.74   35.52420    4.07919    6
   7   -3    1   3.851632    92.557834     0.000000      92.5578   35.52420    0.75083    6
   9   -6    0   3.800483    95.432641     0.000000      95.4326   36.01859    0.77438    6
   9   -3    0   3.800483    89.969677     0.000000      89.9697   36.01859    0.68826    6
   7   -6    1   3.676034  -167.777086     0.000000      167.777   37.28207    2.21878    6
   7   -1   -1   3.676034    15.869867     0.000000      15.8699   37.28207    0.01985    6
   7    0    1   3.522451  -447.723790     0.000000      447.724   38.97176   14.32614    6
   8   -5    1   3.522451   147.028019     0.000000      147.028   38.97176    1.54493    6
   8   -3   -1   3.522451  -238.880969     0.000000      238.881   38.97176    4.07823    6
  10   -5    0   3.483200  -125.870744     0.000000      125.871   39.42900    1.10337    6
   8   -2    1   3.452543   125.656111     0.000000      125.656   39.79382    1.07734    6
   8   -6   -1   3.452543    23.383095     0.000000      23.3831   39.79382    0.03731    6
   9    0    0   3.351711  -147.429261     0.000000      147.429   41.04403    1.38430    6
  10   -2    0   3.291315    64.679183     0.000000      64.6792   41.83216    0.25535    6
  10   -8    0   3.291315    98.872962     0.000000       98.873   41.83216    0.59670    6
   9   -4    1   3.265414   385.946678     0.000000      385.947   42.17974    8.92511    6
   9   -5   -1   3.265414    93.509875     0.000000      93.5099   42.17974    0.52393    6
   8    0   -1   3.209487   122.972184     0.000000      122.972   42.95084    0.87002    6
   9   -7    1   3.156339    28.125638     0.000000      28.1256   43.71096    0.04375    6
   9   -2   -1   3.156339   138.423072     0.000000      138.423   43.71096    1.05977    6
  11   -4    0   3.128006  -266.279437     0.000000      266.279   44.12758    3.83882    6
  11   -7    0   3.128006   -70.305267     0.000000      70.3053   44.12758    0.26761    6
   9   -1    1   3.057512   301.850503     0.000000      301.851   45.20050    4.67281    6
   9   -8   -1   3.057512  -123.126864     0.000000      123.127   45.20050    0.77750    6
   1    0   -2   3.041718  -371.888178     0.000000      371.888   45.44831    7.00576    6
  10   -6    1   3.011457    30.372036     0.000000       30.372   45.93097    0.04563    6
  10   -4   -1   3.011457   -35.155466     0.000000      35.1555   45.93097    0.06113    6
   2    0    2   2.996362   217.945914     0.000000      217.946   46.17572    2.32132    6
  10   -3    1   2.967422  -329.477948     0.000000      329.478   46.65254    5.18308    6
  10   -7   -1   2.967422   136.568022     0.000000      136.568   46.65254    0.89050    6
   3   -2    2   2.952977    14.749354     0.000000      14.7494   46.89437    0.01027    6
   3   -1   -2   2.952977   175.458566     0.000000      175.459   46.89437    1.45277    6
  12   -6    0   2.902667   235.839694     0.000000       235.84   47.75721    2.51839    6
   4   -3   -2   2.871575   -29.246159     0.000000      29.2462   48.30705    0.03773    6
   4   -1    2   2.871575   283.157561     0.000000      283.158   48.30705    3.53717    6
  11   -1    0   2.863173  -112.831364     0.000000      112.831   48.45790    0.55768    6
  11  -10    0   2.863173  -164.995137     0.000000      164.995   48.45790    1.19252    6
   4    0   -2   2.833321  -194.737908     0.000000      194.738   49.00183    1.61959    6
  11   -5    1   2.808815   -72.547625     0.000000      72.5476   49.45787    0.22009    6
  10   -9    1   2.808815     6.131855     0.000000      6.13185   49.45787    0.00157    6
  10   -1   -1   2.808815  -292.382895     0.000000      292.383   49.45787    3.57485    6
  11   -6   -1   2.808815   132.592608     0.000000      132.593   49.45787    0.73518    6
   5   -3    2   2.796555   356.983026     0.000000      356.983   49.68936    5.27272    6
   5   -2   -2   2.796555  -144.629126     0.000000      144.629   49.68936    0.86547    6
  12   -3    0   2.788792     2.695470     0.000000      2.69547   49.83709    0.00030    6
  12   -9    0   2.788792    96.290290     0.000000      96.2903   49.83709    0.38104    6
  11   -3   -1   2.738489     7.253666     0.000000      7.25367   50.81696    0.00207    6
  11   -8    1   2.738489  -238.158554     0.000000      238.159   50.81696    2.22991    6
   5    0    2   2.727123   -90.556179     0.000000      90.5562   51.04392    0.31914    6
  10    0    1   2.705250   190.177664     0.000000      190.178   51.48669    1.38014    6
   6   -4   -2   2.694291   -73.018488     0.000000      73.0185   51.71154    0.20145    6
   6   -2    2   2.694291    19.393777     0.000000      19.3938   51.71154    0.01421    6
  11   -2    1   2.673193   244.479562     0.000000       244.48   52.15025    2.21523    6
  11   -9   -1   2.673193   -15.994383     0.000000      15.9944   52.15025    0.00948    6
   6   -5    2   2.662618  -208.827447     0.000000      208.827   52.37308    1.60063    6
   6   -1   -2   2.662618  -126.216805     0.000000      126.217   52.37308    0.58472    6
  13   -8    0   2.655915  -137.511880     0.000000      137.512   52.51534    0.68978    6
  13   -5    0   2.655915   -53.574599     0.000000      53.5746   52.51534    0.10470    6
  12   -7    1   2.612356  -201.416515     0.000000      201.417   53.45985    1.42099    6
  12   -5   -1   2.612356    85.580956     0.000000       85.581   53.45985    0.25654    6
   7   -4    2   2.602484    -1.198503     0.000000       1.1985   53.67887    0.00005    6
   7   -3   -2   2.602484   132.416704     0.000000      132.417   53.67887    0.60848    6
  12   -4    1   2.583455   -60.124163     0.000000      60.1242   54.10636    0.12320    6
  12   -8   -1   2.583455  -321.129410     0.000000      321.129   54.10636    3.51462    6
   7   -6   -2   2.546248    42.408350     0.000000      42.4084   54.96314    0.05914    6
   7   -1    2   2.546248  -304.530496     0.000000       304.53   54.96314    3.04973    6
  12    0    0   2.513783  -326.677434     0.000000      326.677   55.73429    3.40011    6
  11    0   -1   2.502187   253.181557     0.000000      253.182   56.01528    2.01912    6
   7    0   -2   2.493508    60.268663     0.000000      60.2687   56.22753    0.11344    6
   8   -5   -2   2.493508   166.099425     0.000000      166.099   56.22753    0.86161    6
   8   -3    2   2.493508  -157.682035     0.000000      157.682   56.22753    0.77649    6
  13   -2    0   2.488000   182.367352     0.000000      182.367   56.36309    1.03299    6
  14   -7    0   2.488000    90.193022     0.000000       90.193   56.36309    0.25267    6
  13  -11    0   2.488000   107.768566     0.000000      107.769   56.36309    0.36073    6
  12   -2   -1   2.476755   227.049492     0.000000      227.049   56.64202    1.58338    6
  12  -10    1   2.476755   100.742143     0.000000      100.742   56.64202    0.31172    6
   8   -6    2   2.468337   -70.720217     0.000000      70.7202   56.85274    0.15233    6
   8   -2   -2   2.468337   -27.786410     0.000000      27.7864   56.85274    0.02352    6
  13   -7   -1   2.452084   338.231662     0.000000      338.232   57.26428    3.42793    6
  13   -6    1   2.452084    58.870984     0.000000       58.871   57.26428    0.10385    6
  14   -4    0   2.415165   118.210598     0.000000      118.211   58.22281    0.40331    6
  14  -10    0   2.415165    61.175901     0.000000      61.1759   58.22281    0.10802    6
  12   -1    1   2.404875  -269.147280     0.000000      269.147   58.49602    2.06883    6
  13   -9    1   2.404875    46.734622     0.000000      46.7346   58.49602    0.06238    6
  13   -4   -1   2.404875  -299.734604     0.000000      299.735   58.49602    2.56577    6
  12  -11   -1   2.404875    15.324993     0.000000       15.325   58.49602    0.00671    6
   9   -4   -2   2.397166  -226.841597     0.000000      226.842   58.70247    1.45796    6
   9   -5    2   2.397166   347.094943     0.000000      347.095   58.70247    3.41348    6
   8    0    2   2.374777   115.660839     0.000000      115.661   59.31094    0.37035    6
  13  -10   -1   2.360292   276.144321     0.000000      276.144   59.71173    2.07946    6
  13   -3    1   2.360292  -138.285737     0.000000      138.286   59.71173    0.52147    6
   9   -7   -2   2.353003   181.249042     0.000000      181.249   59.91559    0.88903    6
   9   -2    2   2.353003    53.240731     0.000000      53.2407   59.91559    0.07671    6
   9   -8    2   2.311193   -92.068356     0.000000      92.0684   61.11401    0.21948    6
   9   -1   -2   2.311193   140.617411     0.000000      140.617   61.11401    0.51198    6
  15   -9    0   2.306806  -187.878818     0.000000      187.879   61.24274    0.90970    6
  15   -6    0   2.306806   453.546856     0.000000      453.547   61.24274    5.30138    6
  14   -8    1   2.297834  -117.659120     0.000000      117.659   61.50773    0.35337    6
  14   -6   -1   2.297834    41.687177     0.000000      41.6872   61.50773    0.04436    6
  10   -6   -2   2.291107   -15.592898     0.000000      15.5929   61.70803    0.00616    6
  10   -4    2   2.291107   -12.933644     0.000000      12.9336   61.70803    0.00424    6
  14   -5    1   2.278092   187.526295     0.000000      187.526   62.09955    0.87882    6
  14   -9   -1   2.278092    59.625113     0.000000      59.6251   62.09955    0.08885    6
  10   -7    2   2.271536    10.430998     0.000000       10.431   62.29876    0.00270    6
  10   -3   -2   2.271536   199.748199     0.000000      199.748   62.29876    0.99008    6
  13  -12    1   2.240087    18.145975     0.000000       18.146   63.27366    0.00790    6
  13   -1   -1   2.240087    59.049731     0.000000      59.0497   63.27366    0.08362    6
  14   -1    0   2.229890   164.563089     0.000000      164.563   63.59676    0.64225    6
  14  -13    0   2.229890   -16.123110     0.000000      16.1231   63.59676    0.00617    6
  14  -11    1   2.203922    60.054291     0.000000      60.0543   64.43577    0.08313    6
  14   -3   -1   2.203922   216.368610     0.000000      216.369   64.43577    1.07905    6
  10   -1    2   2.197985   255.486859     0.000000      255.487   64.63094    1.49466    6
  10   -9   -2   2.197985  -232.442750     0.000000      232.443   64.63094    1.23719    6
  11   -6    2   2.197985  -106.135627     0.000000      106.136   64.63094    0.25795    6
  11   -5   -2   2.197985    -0.085539     0.000000    0.0855389   64.63094    0.00000    6
  15   -3    0   2.194210    33.184604     0.000000      33.1846   64.75569    0.02511    6
  15  -12    0   2.194210    95.838242     0.000000      95.8382   64.75569    0.20945    6
  16   -8    0   2.177000   -74.206218     0.000000      74.2062   65.33101    0.12320    6
  15   -7    1   2.169455  -250.526075     0.000000      250.526   65.58671    1.39244    6
  13    0    1   2.169455  -157.840175     0.000000       157.84   65.58671    0.55272    6
  15   -8   -1   2.169455   107.243851     0.000000      107.244   65.58671    0.25516    6
  11   -3    2   2.163791   322.208250     0.000000      322.208   65.78008    2.28879    6
  11   -8   -2   2.163791  -180.526225     0.000000      180.526   65.78008    0.71848    6
  14   -2    1   2.152817   232.149516     0.000000       232.15   66.15823    1.17369    6
  14  -12   -1   2.152817  -390.158819     0.000000      390.159   66.15823    3.31513    6
  10    0   -2   2.147282  -177.952505     0.000000      177.953   66.35074    0.68539    6
  15  -10    1   2.136556   142.578161     0.000000      142.578   66.72725    0.43474    6
  15   -5   -1   2.136556  -414.607168     0.000000      414.607   66.72725    3.67615    6
  11   -9    2   2.131145   154.059483     0.000000      154.059   66.91893    0.50450    6
  11   -2   -2   2.131145   -34.031687     0.000000      34.0317   66.91893    0.02462    6
  16  -11    0   2.127703   -83.889758     0.000000      83.8898   67.04147    0.14901    6
  16   -5    0   2.127703   208.115901     0.000000      208.116   67.04147    0.91711    6
  15   -4    1   2.105109    88.350125     0.000000      88.3501   67.85811    0.16114    6
  15  -11   -1   2.105109  -335.081065     0.000000      335.081   67.85811    2.31782    6
  12   -7   -2   2.099933  -181.486689     0.000000      181.487   68.04822    0.67599    6
  12   -5    2   2.099933   -80.147663     0.000000      80.1477   68.04822    0.13183    6
  12   -8    2   2.084833   115.619308     0.000000      115.619   68.60949    0.26972    6
  12   -4   -2   2.084833    63.516732     0.000000      63.5167   68.60949    0.08140    6
  16   -9    1   2.046168    40.358548     0.000000      40.3585   70.09342    0.03146    6
  16   -7   -1   2.046168  -292.109712     0.000000       292.11   70.09342    1.64807    6
  11    0    2   2.041414  -148.015791     0.000000      148.016   70.28072    0.42089    6
  17   -7    0   2.038389  -113.519252     0.000000      113.519   70.40047    0.24672    6
  17  -10    0   2.038389  -161.920772     0.000000      161.921   70.40047    0.50196    6
   0    0    3   2.038200  -378.397759     0.000000      378.398   70.40796    0.91358    2
  14    0   -1   2.032191  -221.853583     0.000000      221.854   70.64719    0.93574    6
  16  -10   -1   2.032191    72.054662     0.000000      72.0547   70.64719    0.09871    6
  16   -6    1   2.032191  -291.403816     0.000000      291.404   70.64719    1.61441    6
  12   -2    2   2.027533  -275.844220     0.000000      275.844   70.83385    1.43902    6
  12  -10   -2   2.027533    15.663712     0.000000      15.6637   70.83385    0.00464    6
   2   -1   -3   2.024384    -0.467699     0.000000     0.467699   70.96066    0.00000    6
   2   -1    3   2.024384   167.143399     0.000000      167.143   70.96066    0.52647    6
  15   -2   -1   2.018496    71.727903     0.000000      71.7279   71.19910    0.09631    6
  15  -13    1   2.018496  -121.253172     0.000000      121.253   71.19910    0.27523    6
  13   -7    2   2.013932  -313.050785     0.000000      313.051   71.38514    1.82514    6
  13   -6   -2   2.013932    66.314015     0.000000       66.314   71.38514    0.08190    6
  15    0    0   2.011026  -373.142976     0.000000      373.143   71.50410    2.58461    6
  16   -2    0   1.997752  -133.030972     0.000000      133.031   72.05323    0.32363    6
  16  -14    0   1.997752     6.102913     0.000000      6.10291   72.05323    0.00068    6
   3    0   -3   1.997575   -25.124256     0.000000      25.1243   72.06064    0.01154    6
   3    0    3   1.997575   228.708757     0.000000      228.709   72.06064    0.95637    6
  12  -11    2   1.987530   153.472867     0.000000      153.473   72.48244    0.42581    6
  12   -1   -2   1.987530  -151.612527     0.000000      151.613   72.48244    0.41555    6
  13   -9   -2   1.987530   174.338258     0.000000      174.338   72.48244    0.54946    6
  13   -4    2   1.987530  -241.438358     0.000000      241.438   72.48244    1.05381    6
   4   -2   -3   1.984563  -343.746695     0.000000      343.747   72.60805    2.12902    6
   4   -2    3   1.984563   247.400308     0.000000        247.4   72.60805    1.10281    6
  16  -12    1   1.979015    41.932765     0.000000      41.9328   72.84426    0.03148    6
  16   -4   -1   1.979015    58.255762     0.000000      58.2558   72.84426    0.06077    6
  15   -1    1   1.966361   374.672645     0.000000      374.673   73.38935    2.47824    6
  15  -14   -1   1.966361   142.123876     0.000000      142.124   73.38935    0.35659    6
  13  -10    2   1.962140   108.963903     0.000000      108.964   73.57315    0.20862    6
  13   -3   -2   1.962140  -302.884218     0.000000      302.884   73.57315    1.61192    6
  17   -4    0   1.959453  -458.551036     0.000000      458.551   73.69069    3.68351    6
  17  -13    0   1.959453   310.543161     0.000000      310.543   73.69069    1.68939    6
   5   -4   -3   1.947004  -372.403541     0.000000      372.404   74.24073    2.39602    6
   5   -4    3   1.947004   199.106564     0.000000      199.107   74.24073    0.68491    6
   5   -1   -3   1.947004   -70.867449     0.000000      70.8674   74.24073    0.08677    6
   5   -1    3   1.947004   -99.804231     0.000000      99.8042   74.24073    0.17209    6
  16   -3    1   1.941764    16.632585     0.000000      16.6326   74.47496    0.00475    6
  17   -9   -1   1.941764     7.610391     0.000000      7.61039   74.47496    0.00099    6
  17   -8    1   1.941764   -80.606525     0.000000      80.6065   74.47496    0.11160    6
  16  -13   -1   1.941764  -332.710846     0.000000      332.711   74.47496    1.90139    6
  18   -9    0   1.935111  -187.056621     0.000000      187.057   74.77468    0.59660    6
  14   -8   -2   1.925816   188.680548     0.000000      188.681   75.19794    0.60081    6
  14   -6    2   1.925816   276.473504     0.000000      276.474   75.19794    1.28999    6
   6   -3   -3   1.923117   300.114307     0.000000      300.114   75.32184    1.51552    6
   6   -3    3   1.923117   109.082161     0.000000      109.082   75.32184    0.20022    6
  17  -11    1   1.918067    30.282356     0.000000      30.2824   75.55488    0.01534    6
  17   -6   -1   1.918067   239.335777     0.000000      239.336   75.55488    0.95851    6
  14   -9    2   1.914149  -114.704407     0.000000      114.704   75.73678    0.21922    6
  14   -5   -2   1.914149    39.347305     0.000000      39.3473   75.73678    0.02580    6
  18  -12    0   1.900241   192.895170     0.000000      192.895   76.39039    0.61062    6
  18   -6    0   1.900241   230.536716     0.000000      230.537   76.39039    0.87219    6
  17  -12   -1   1.895217    43.843160     0.000000      43.8432   76.62959    0.03137    6
  17   -5    1   1.895217    10.363129     0.000000      10.3631   76.62959    0.00175    6
  13  -12   -2   1.891438   130.982738     0.000000      130.983   76.81065    0.27888    6
  13   -1    2   1.891438    20.701175     0.000000      20.7012   76.81065    0.00697    6
   6    0   -3   1.888880  -151.763304     0.000000      151.763   76.93369    0.37336    6
   6    0    3   1.888880   -45.075442     0.000000      45.0754   76.93369    0.03294    6
   7   -5   -3   1.877868   115.074825     0.000000      115.075   77.46857    0.21214    6
   7   -5    3   1.877868    58.849892     0.000000      58.8499   77.46857    0.05548    6
   7   -2   -3   1.877868   258.338308     0.000000      258.338   77.46857    1.06916    6
   7   -2    3   1.877868  -132.106814     0.000000      132.107   77.46857    0.27959    6
  14   -3    2   1.869516  -414.657395     0.000000      414.657   77.87982    2.73012    6
  14  -11   -2   1.869516  -176.706932     0.000000      176.707   77.87982    0.49580    6
  16   -1   -1   1.851866  -375.183960     0.000000      375.184   78.76512    2.19397    6
  16  -15    1   1.851866   220.564433     0.000000      220.564   78.76512    0.75825    6
  13    0   -2   1.848339    92.059073     0.000000      92.0591   78.94472    0.13161    6
  15   -8    2   1.848339   190.089823     0.000000       190.09   78.94472    0.56113    6
  15   -7   -2   1.848339   394.439199     0.000000      394.439   78.94472    2.41606    6
   8   -4   -3   1.845952   -25.391378     0.000000      25.3914   79.06679    0.00999    6
   8   -4    3   1.845952  -166.335704     0.000000      166.336   79.06679    0.42859    6
  18   -8   -1   1.841485   -85.399495     0.000000      85.3995   79.29642    0.11245    6
  18  -10    1   1.841485   133.111801     0.000000      133.112   79.29642    0.27321    6
  14  -12    2   1.838017   -62.883257     0.000000      62.8833   79.47571    0.06076    6
  14   -2   -2   1.838017   113.193862     0.000000      113.194   79.47571    0.19686    6
  18   -7    1   1.831276   227.095576     0.000000      227.096   79.82680    0.78694    6
  17   -3   -1   1.831276   164.535431     0.000000      164.535   79.82680    0.41309    6
  17  -14    1   1.831276  -300.276762     0.000000      300.277   79.82680    1.37584    6
  18  -11   -1   1.831276   402.119848     0.000000       402.12   79.82680    2.46738    6
  15   -5    2   1.827866   196.398083     0.000000      196.398   80.00577    0.58654    6
  15  -10   -2   1.827866   138.240656     0.000000      138.241   80.00577    0.29060    6
  17   -1    0   1.825693    88.006804     0.000000      88.0068   80.12027    0.11752    6
  19  -11    0   1.825693   204.478780     0.000000      204.479   80.12027    0.63440    6
  19   -8    0   1.825693  -137.154045     0.000000      137.154   80.12027    0.28542    6
  17  -16    0   1.825693   420.037017     0.000000      420.037   80.12027    2.67695    6
   8   -7   -3   1.815610  -213.617893     0.000000      213.618   80.65644    0.68540    6
   8   -7    3   1.815610  -294.613752     0.000000      294.614   80.65644    1.30370    6
   8   -1   -3   1.815610   131.658646     0.000000      131.659   80.65644    0.26036    6
   8   -1    3   1.815610   283.995115     0.000000      283.995   80.65644    1.21141    6
  15  -11    2   1.808058  -541.177962     0.000000      541.178   81.06337    4.36617    6
  15   -4   -2   1.808058  -417.936626     0.000000      417.937   81.06337    2.60400    6
  18   -3    0   1.805955   121.940217     0.000000       121.94   81.17752    0.22122    6
  18  -15    0   1.805955   168.486440     0.000000      168.486   81.17752    0.42233    6
  16    0    1   1.801641   104.886577     0.000000      104.887   81.41283    0.16298    6
   9   -6   -3   1.796194   -22.041254     0.000000      22.0413   81.71211    0.00716    6
   9   -6    3   1.796194  -440.455642     0.000000      440.456   81.71211    2.85889    6
   9   -3   -3   1.796194  -605.664669     0.000000      605.665   81.71211    5.40576    6
   9   -3    3   1.796194    -7.522598     0.000000       7.5226   81.71211    0.00083    6
  17  -15   -1   1.792077   175.780700     0.000000      175.781   81.93998    0.45354    6
  17   -2    1   1.792077   163.462502     0.000000      163.463   81.93998    0.39220    6
  18  -13    1   1.792077  -231.469799     0.000000       231.47   81.93998    0.78643    6
  18   -5   -1   1.792077   -55.718463     0.000000      55.7185   81.93998    0.04557    6
  16   -9   -2   1.770301  -167.396739     0.000000      167.397   83.16977    0.40298    6
  16   -7    2   1.770301   -50.613948     0.000000      50.6139   83.16977    0.03684    6
  19  -14    0   1.768327    70.094102     0.000000      70.0941   83.28334    0.07053    6
  19   -5    0   1.768327   118.987162     0.000000      118.987   83.28334    0.20324    6
  18   -4    1   1.764276  -106.484463     0.000000      106.484   83.51749    0.16217    6
  18  -14   -1   1.764276   167.464299     0.000000      167.464   83.51749    0.40109    6
  14    0    2   1.761226   103.800010     0.000000        103.8   83.69481    0.15367    6
  16  -10    2   1.761226   -96.577185     0.000000      96.5772   83.69481    0.13303    6
  16   -6   -2   1.761226   -43.597787     0.000000      43.5978   83.69481    0.02711    6
  10   -5   -3   1.759160    82.285269     0.000000      82.2853   83.81535    0.09639    6
  10   -5    3   1.759160    66.674445     0.000000      66.6744   83.81535    0.06329    6
  19  -10   -1   1.755293  -346.459156     0.000000      346.459   84.04218    1.70297    6
  19   -9    1   1.755293    11.824868     0.000000      11.8249   84.04218    0.00198    6
  15   -2    2   1.752288    27.899951     0.000000         27.9   84.21932    0.01101    6
  15  -13   -2   1.752288   -73.236505     0.000000      73.2365   84.21932    0.07589    6
  20  -10    0   1.741600    -2.683480     0.000000      2.68348   84.85659    0.00010    6
   9    0   -3   1.741482   -45.177667     0.000000      45.1777   84.86366    0.02861    6
   9    0    3   1.741482   -60.356580     0.000000      60.3566   84.86366    0.05107    6
  19  -12    1   1.737730   663.033452     0.000000      663.033   85.09009    6.14282    6
  19   -7   -1   1.737730   462.820072     0.000000       462.82   85.09009    2.99310    6
  10   -8   -3   1.732841  -185.668993     0.000000      185.669   85.38715    0.47973    6
  10   -8    3   1.732841   248.001337     0.000000      248.001   85.38715    0.85590    6
  10   -2    3   1.732841   310.816749     0.000000      310.817   85.38715    1.34439    6
  10   -2   -3   1.732841   465.942180     0.000000      465.942   85.38715    3.02120    6
  16   -4    2   1.726272   -94.642780     0.000000      94.6428   85.79011    0.12398    6
  16  -12   -2   1.726272   192.691985     0.000000      192.692   85.79011    0.51392    6
  19  -13   -1   1.720684    27.698847     0.000000      27.6988   86.13635    0.01057    6
  19   -6    1   1.720684  -288.184658     0.000000      288.185   86.13635    1.14432    6
  15  -14    2   1.717854   204.039962     0.000000       204.04   86.31295    0.57234    6
  15   -1   -2   1.717854   255.487104     0.000000      255.487   86.31295    0.89736    6
  20  -13    0   1.716050  -350.090072     0.000000       350.09   86.42595    1.68255    6
  20   -7    0   1.716050  -100.365448     0.000000      100.365   86.42595    0.13829    6
  11   -7   -3   1.707668   -15.300376     0.000000      15.3004   86.95548    0.00319    6
  11   -7    3   1.707668  -246.937218     0.000000      246.937   86.95548    0.83169    6
  11   -4   -3   1.707668    53.990981     0.000000       53.991   86.95548    0.03976    6
  11   -4    3   1.707668   353.445195     0.000000      353.445   86.95548    1.70386    6
  17    0   -1   1.704130  -330.109350     0.000000      330.109   87.18133    1.48232    6
  16   -3   -2   1.701380   260.964263     0.000000      260.964   87.35774    0.92448    6
  17   -9    2   1.701380   416.310773     0.000000      416.311   87.35774    2.35271    6
  16  -13    2   1.701380    74.230576     0.000000      74.2306   87.35774    0.07480    6
  17   -8   -2   1.701380   165.111027     0.000000      165.111   87.35774    0.37007    6
  18   -2   -1   1.696030   395.628743     0.000000      395.629   87.70344    2.11643    6
  18  -16    1   1.696030   -40.512056     0.000000      40.5121   87.70344    0.02219    6
  17   -6    2   1.685372   -89.346699     0.000000      89.3467   88.40166    0.10713    6
  17  -11   -2   1.685372  -129.278849     0.000000      129.279   88.40166    0.22429    6
  18    0    0   1.675855    77.774993     0.000000       77.775   89.03619    0.08066    6
  19   -4   -1   1.672406   100.471436     0.000000      100.471   89.26882    0.13430    6
  19  -15    1   1.672406   113.873387     0.000000      113.873   89.26882    0.17252    6
  20  -11    1   1.672406   -12.429462     0.000000      12.4295   89.26882    0.00206    6
  20   -9   -1   1.672406    33.250446     0.000000      33.2504   89.26882    0.01471    6
  17  -12    2   1.669807   155.511542     0.000000      155.512   89.44504    0.32122    6
  17   -5   -2   1.669807   316.157867     0.000000      316.158   89.44504    1.32765    6
  19   -2    0   1.668150   193.725233     0.000000      193.725   89.55782    0.49796    6
  19  -17    0   1.668150  -344.877257     0.000000      344.877   89.55782    1.57816    6
  12   -6   -3   1.668047   231.762064     0.000000      231.762   89.56487    0.71265    6
  12   -6    3   1.668047   -75.003323     0.000000      75.0033   89.56487    0.07464    6
  20   -8    1   1.664748  -188.779593     0.000000       188.78   89.79043    0.47186    6
  20  -12   -1   1.664748   -21.378496     0.000000      21.3785   89.79043    0.00605    6
  11  -10   -3   1.660449   -32.491657     0.000000      32.4917   90.08647    0.01394    6
  11  -10    3   1.660449     5.446075     0.000000      5.44607   90.08647    0.00039    6
  11   -1    3   1.660449  -184.532518     0.000000      184.533   90.08647    0.44970    6
  11   -1   -3   1.660449   -60.416800     0.000000      60.4168   90.08647    0.04820    6
  18   -1    1   1.657195  -361.959935     0.000000       361.96   90.31202    1.72688    6
  18  -17   -1   1.657195  -145.126503     0.000000      145.127   90.31202    0.27761    6
  21  -12    0   1.653054   -68.155759     0.000000      68.1558   90.60102    0.06108    6
  21   -9    0   1.653054  -266.807625     0.000000      266.808   90.60102    0.93606    6
  20   -4    0   1.645657    11.239873     0.000000      11.2399   91.12268    0.00165    6
  20  -16    0   1.645657    78.539413     0.000000      78.5394   91.12268    0.08078    6
  12   -9   -3   1.645558    44.971116     0.000000      44.9711   91.12972    0.02648    6
  12   -9    3   1.645558   307.783877     0.000000      307.784   91.12972    1.24053    6
  12   -3    3   1.645558  -154.987102     0.000000      154.987   91.12972    0.31456    6
  12   -3   -3   1.645558   113.117603     0.000000      113.118   91.12972    0.16756    6
  19  -16   -1   1.642391  -183.897578     0.000000      183.898   91.35533    0.44212    6
  19   -3    1   1.642391   -22.803520     0.000000      22.8035   91.35533    0.00680    6
  16   -1    2   1.639929   143.442640     0.000000      143.443   91.53160    0.26866    6
  16  -15   -2   1.639929   639.334826     0.000000      639.335   91.53160    5.33698    6
  20  -14    1   1.635136   101.328918     0.000000      101.329   91.87713    0.13374    6
  20   -6   -1   1.635136  -496.456265     0.000000      496.456   91.87713    3.21043    6
  18   -8    2   1.632707   125.276581     0.000000      125.277   92.05345    0.20419    6
  18  -10   -2   1.632707  -140.903372     0.000000      140.903   92.05345    0.25831    6
  17   -3    2   1.625579   168.710020     0.000000       168.71   92.57547    0.36911    6
  17  -14   -2   1.625579  -240.358450     0.000000      240.358   92.57547    0.74919    6
  18  -11    2   1.625579    54.154162     0.000000      54.1542   92.57547    0.03803    6
  18   -7   -2   1.625579    15.251826     0.000000      15.2518   92.57547    0.00302    6
  13   -8   -3   1.616941    89.057394     0.000000      89.0574   93.21771    0.10248    6
  13   -8    3   1.616941   489.021258     0.000000      489.021   93.21771    3.08993    6
  13   -5   -3   1.616941   -43.204636     0.000000      43.2046   93.21771    0.02412    6
  13   -5    3   1.616941     7.103562     0.000000      7.10356   93.21771    0.00065    6
  20  -15   -1   1.613936   105.921056     0.000000      105.921   93.44365    0.14479    6
  20   -5    1   1.613936     1.745982     0.000000      1.74598   93.44365    0.00004    6
  21   -6    0   1.610110    67.541533     0.000000      67.5415   93.73321    0.05879    6
  21  -15    0   1.610110  -265.470005     0.000000       265.47   93.73321    0.90823    6
  16    0   -2   1.604744  -288.744312     0.000000      288.744   94.14299    1.07245    6
  21  -11   -1   1.600252  -176.950085     0.000000       176.95   94.48935    0.40218    6
  21  -10    1   1.600252   401.142346     0.000000      401.142   94.48935    2.06691    6
  17   -2   -2   1.597975   -90.941922     0.000000      90.9419   94.66613    0.10616    6
  17  -15    2   1.597975   197.862109     0.000000      197.862   94.66613    0.50252    6
  18   -5    2   1.597975   164.942266     0.000000      164.942   94.66613    0.34921    6
  18  -13   -2   1.597975  -386.803246     0.000000      386.803   94.66613    1.92046    6
  21  -13    1   1.586910    57.380983     0.000000       57.381   95.53656    0.04214    6
  21   -8   -1   1.586910    62.443595     0.000000      62.4436   95.53656    0.04990    6
  22  -11    0   1.583273   165.547506     0.000000      165.548   95.82698    0.35047    6
  12    0    3   1.583184   699.752584     0.000000      699.753   95.83406    6.26164    6
  12    0   -3   1.583184    56.290828     0.000000      56.2908   95.83406    0.04052    6
  18  -14    2   1.578170    75.970023     0.000000        75.97   96.23807    0.07373    6
  18   -4   -2   1.578170  -247.436184     0.000000      247.436   96.23807    0.78218    6
  13  -11   -3   1.576683   314.662197     0.000000      314.662   96.35862    1.26461    6
  13  -11    3   1.576683   132.717052     0.000000      132.717   96.35862    0.22497    6
  13   -2    3   1.576683   213.734837     0.000000      213.735   96.35862    0.58347    6
  14   -7   -3   1.576683  -128.811451     0.000000      128.811   96.35862    0.21192    6
  14   -7    3   1.576683  -204.908877     0.000000      204.909   96.35862    0.53628    6
  13   -2   -3   1.576683   -78.210447     0.000000      78.2104   96.35862    0.07813    6
  19   -1   -1   1.573897   -74.652792     0.000000      74.6528   96.58562    0.07115    6
  21   -7    1   1.573897   147.751012     0.000000      147.751   96.58562    0.27870    6
  19  -18    1   1.573897  -190.936443     0.000000      190.936   96.58562    0.46543    6
  21  -14   -1   1.573897   215.308425     0.000000      215.308   96.58562    0.59183    6
  19  -10    2   1.571730  -326.680658     0.000000      326.681   96.76304    1.36203    6
  19   -9   -2   1.571730  -296.254583     0.000000      296.255   96.76304    1.12014    6
  22   -8    0   1.564003  -514.992624     0.000000      514.993   97.40229    3.38199    6
  22  -14    0   1.564003    -6.859175     0.000000      6.85918   97.40229    0.00060    6
  20   -3   -1   1.561198    79.979991     0.000000        79.98   97.63691    0.08155    6
  20  -17    1   1.561198   140.947845     0.000000      140.948   97.63691    0.25328    6
  19  -12   -2   1.559083  -101.272068     0.000000      101.272   97.81474    0.13074    6
  19   -7    2   1.559083  -103.122737     0.000000      103.123   97.81474    0.13556    6
  14   -4    3   1.557650  -435.586410     0.000000      435.586   97.93570    2.41850    6
  14  -10   -3   1.557650  -191.918223     0.000000      191.918   97.93570    0.46949    6
  14  -10    3   1.557650   -17.927804     0.000000      17.9278   97.93570    0.00410    6
  14   -4   -3   1.557650  -162.750156     0.000000       162.75   97.93570    0.33763    6
  19  -13    2   1.546737    -5.534121     0.000000      5.53412   98.86909    0.00039    6
  19   -6   -2   1.546737   -34.623185     0.000000      34.6232   98.86909    0.01528    6
  20   -1    0   1.545420  -281.635405     0.000000      281.635   98.98325    1.01109    6
  20  -19    0   1.545420  -147.237437     0.000000      147.237   98.98325    0.27635    6
  19    0    1   1.536697   644.627078     0.000000      644.627   99.74764    5.30082    6
  21   -5   -1   1.536697  -202.958537     0.000000      202.959   99.74764    0.52546    6
  21  -16    1   1.536697   -51.252739     0.000000      51.2527   99.74764    0.03351    6
  17    0    2   1.534680  -187.677828     0.000000      187.678   99.92649    0.44943    6
  21   -3    0   1.533393  -221.518617     0.000000      221.519  100.04100    0.62623    6
  21  -18    0   1.533393  -269.918107     0.000000      269.918  100.04100    0.92977    6
  20   -2    1   1.530750   -17.514028     0.000000       17.514  100.27730    0.00392    6
  22  -12    1   1.530750  -442.685803     0.000000      442.686  100.27730    2.50194    6
  22  -10   -1   1.530750  -571.705550     0.000000      571.706  100.27730    4.17283    6
  20  -18   -1   1.530750   120.908871     0.000000      120.909  100.27730    0.18664    6
  18   -2    2   1.528756  -348.955148     0.000000      348.955  100.45644    1.55515    6
  18  -16   -2   1.528756   404.737299     0.000000      404.737  100.45644    2.09209    6
  15   -6    3   1.527405  -229.649053     0.000000      229.649  100.57831    0.67371    6
  15   -9   -3   1.527405  -390.023974     0.000000      390.024  100.57831    1.94323    6
  15   -9    3   1.527405  -301.567661     0.000000      301.568  100.57831    1.16175    6
  15   -6   -3   1.527405   172.319705     0.000000       172.32  100.57831    0.37933    6
   1    0    4   1.526691    34.723000     0.000000       34.723  100.64285    0.01540    6
  22  -13   -1   1.524871   404.638182     0.000000      404.638  100.80786    2.09265    6
  22   -9    1   1.524871   -56.938884     0.000000      56.9389  100.80786    0.04144    6
   2    0   -4   1.520859   230.723393     0.000000      230.723  101.17405    0.68099    6
   3   -2   -4   1.515093   -70.592081     0.000000      70.5921  101.70621    0.06385    6
   3   -1    4   1.515093  -143.428904     0.000000      143.429  101.70621    0.26358    6
  21   -4    1   1.513314  -277.043898     0.000000      277.044  101.87183    0.98394    6
  21  -17   -1   1.513314  -519.401017     0.000000      519.401  101.87183    3.45840    6
  19   -4    2   1.511388   206.378673     0.000000      206.379  102.05195    0.54634    6
  20   -9    2   1.511388   205.159048     0.000000      205.159  102.05195    0.53991    6
  19  -15   -2   1.511388  -161.798917     0.000000      161.799  102.05195    0.33581    6
  20  -11   -2   1.511388  -107.542420     0.000000      107.542  102.05195    0.14835    6
  22   -5    0   1.510159  -112.363022     0.000000      112.363  102.16730    0.16202    6
  23  -13    0   1.510159   372.986765     0.000000      372.987  102.16730    1.78526    6
  23  -10    0   1.510159   -67.505551     0.000000      67.5056  102.16730    0.05848    6
  22  -17    0   1.510159   359.409832     0.000000       359.41  102.16730    1.65766    6
  20  -12    2   1.505729  -537.692913     0.000000      537.693  102.58584    3.71598    6
  20   -8   -2   1.505729    17.305591     0.000000      17.3056  102.58584    0.00385    6
  14   -1    3   1.504437  -128.376379     0.000000      128.376  102.70864    0.21193    6
  14  -13   -3   1.504437   -94.519896     0.000000      94.5199  102.70864    0.11489    6
  14  -13    3   1.504437   213.699420     0.000000      213.699  102.70864    0.58726    6
  14   -1   -3   1.504437  -273.138415     0.000000      273.138  102.70864    0.95937    6
   4   -3    4   1.503755   -36.016211     0.000000      36.0162  102.77368    0.01669    6
   4   -1   -4   1.503755   -82.100089     0.000000      82.1001  102.77368    0.08670    6
  22  -15    1   1.502016    93.470222     0.000000      93.4702  102.93997    0.11246    6
  22   -7   -1   1.502016   119.658689     0.000000      119.659  102.93997    0.18430    6
  18  -17    2   1.500132  -294.722002     0.000000      294.722  103.12084    1.11896    6
  18   -1   -2   1.500132  -296.119171     0.000000      296.119  103.12084    1.12959    6
   4    0    4   1.498181  -167.557789     0.000000      167.558  103.30908    0.36199    6
  15   -3    3   1.493336   -59.187772     0.000000      59.1878  103.78035    0.04527    6
  15  -12   -3   1.493336    11.640679     0.000000      11.6407  103.78035    0.00175    6
  15  -12    3   1.493336   -10.163851     0.000000      10.1639  103.78035    0.00133    6
  15   -3   -3   1.493336   -29.567235     0.000000      29.5672  103.78035    0.01130    6
   5   -3   -4   1.492668   213.872980     0.000000      213.873  103.84567    0.59131    6
   5   -2    4   1.492668  -414.525328     0.000000      414.525  103.84567    2.22129    6
  19  -16    2   1.489125   259.307038     0.000000      259.307  104.19439    0.87083    6
  19   -3   -2   1.489125  -308.587748     0.000000      308.588  104.19439    1.23328    6
  16   -8   -3   1.487876    -9.944645     0.000000      9.94464  104.31803    0.00128    6
  16   -8    3   1.487876   115.986761     0.000000      115.987  104.31803    0.17435    6
  22  -16   -1   1.485534  -312.827455     0.000000      312.827  104.55093    1.26994    6
  22   -6    1   1.485534    -4.178276     0.000000      4.17828  104.55093    0.00023    6
  20   -6    2   1.483711    15.051388     0.000000      15.0514  104.73306    0.00294    6
  20  -14   -2   1.483711  -232.020163     0.000000       232.02  104.73306    0.69934    6
   5    0   -4   1.481823     6.043542     0.000000      6.04354  104.92264    0.00048    6
  23  -16    0   1.477206  -268.850924     0.000000      268.851  105.39000    0.94282    6
  23   -7    0   1.477206   406.525630     0.000000      406.526  105.39000    2.15567    6
   6   -4    4   1.476488   129.193796     0.000000      129.194  105.46312    0.21782    6
   6   -2   -4   1.476488   358.753109     0.000000      358.753  105.46312    1.67960    6
  16   -5    3   1.471850  -187.492026     0.000000      187.492  105.93904    0.46023    6
  16  -11   -3   1.471850   148.972765     0.000000      148.973  105.93904    0.29055    6
  16  -11    3   1.471850  -155.124647     0.000000      155.125  105.93904    0.31505    6
  16   -5   -3   1.471850  -331.167764     0.000000      331.168  105.93904    1.43585    6
   6   -5   -4   1.471211    52.812855     0.000000      52.8129  106.00502    0.03653    6
   6   -1    4   1.471211   272.452393     0.000000      272.452  106.00502    0.97229    6
  23  -12   -1   1.469582   356.578829     0.000000      356.579  106.17375    1.66742    6
  23  -11    1   1.469582   -73.341013     0.000000       73.341  106.17375    0.07054    6
  20  -15    2   1.467818   -64.215670     0.000000      64.2157  106.35731    0.05415    6
  20   -5   -2   1.467818   264.885189     0.000000      264.885  106.35731    0.92136    6
  20    0   -1   1.464378    38.061162     0.000000      38.0612  106.71759    0.01907    6
   7   -4   -4   1.460823  -271.055646     0.000000      271.056  107.09330    0.97022    6
   7   -3    4   1.460823   256.333538     0.000000      256.334  107.09330    0.86769    6
  21  -19    1   1.459229   218.971865     0.000000      218.972  107.26299    0.63405    6
  21   -2   -1   1.459229   -40.734486     0.000000      40.7345  107.26299    0.02194    6
  23  -14    1   1.459229  -669.583784     0.000000      669.584  107.26299    5.92863    6
  23   -9   -1   1.459229     3.626669     0.000000      3.62667  107.26299    0.00017    6
  21  -11    2   1.457501   175.620492     0.000000       175.62  107.44761    0.40846    6
  21  -10   -2   1.457501  -109.997465     0.000000      109.997  107.44761    0.16024    6
  24  -12    0   1.451333   285.381693     0.000000      285.382  108.11381    1.08471    6
   7   -6    4   1.450653  -382.716139     0.000000      382.716  108.18798    1.95209    6
   7   -1   -4   1.450653   275.736721     0.000000      275.737  108.18798    1.01330    6
  23   -8    1   1.449091   294.628479     0.000000      294.628  108.35871    1.15867    6
  23  -15   -1   1.449091   296.072536     0.000000      296.073  108.35871    1.17005    6
  21   -8    2   1.447400  -275.700240     0.000000        275.7  108.54447    1.01628    6
  21  -13   -2   1.447400   109.200625     0.000000      109.201  108.54447    0.15944    6
  22  -18    1   1.444101   189.600665     0.000000      189.601  108.90916    0.48227    6
  22   -4   -1   1.444101   456.674802     0.000000      456.675  108.90916    2.79785    6
  17   -7    3   1.441292  -187.248737     0.000000      187.249  109.22238    0.47179    6
  17  -10   -3   1.441292   304.821958     0.000000      304.822  109.22238    1.25026    6
  17  -10    3   1.441292    -6.844371     0.000000      6.84437  109.22238    0.00063    6
  17   -7   -3   1.441292   164.384831     0.000000      164.385  109.22238    0.36361    6
   7    0    4   1.440692   284.492173     0.000000      284.492  109.28957    1.08977    6
   8   -5    4   1.440692  -349.748513     0.000000      349.749  109.28957    1.64704    6
   8   -3   -4   1.440692    75.552467     0.000000      75.5525  109.28957    0.07686    6
  19   -1    2   1.437505  -218.821162     0.000000      218.821  109.64842    0.64701    6
  21   -7   -2   1.437505   -71.679214     0.000000      71.6792  109.64842    0.06943    6
  19  -18   -2   1.437505    79.602612     0.000000      79.6026  109.64842    0.08562    6
  21  -14    2   1.437505   458.377736     0.000000      458.378  109.64842    2.83908    6
  21    0    0   1.436447   314.770462     0.000000       314.77  109.76822    1.34042    6
  24  -15    0   1.436447   -95.266324     0.000000      95.2663  109.76822    0.12278    6
  24   -9    0   1.436447   378.420196     0.000000       378.42  109.76822    1.93733    6
   8   -6   -4   1.435788  -619.239125     0.000000      619.239  109.84313    5.19159    6
   8   -2    4   1.435788   174.586111     0.000000      174.586  109.84313    0.41267    6
  22   -2    0   1.431586   -69.597872     0.000000      69.5979  110.32345    0.06591    6
  22  -20    0   1.431586  -268.159797     0.000000       268.16  110.32345    0.97843    6
  15    0    3   1.431521  -369.122974     0.000000      369.123  110.33097    1.85404    6
  15    0   -3   1.431521   154.246998     0.000000      154.247  110.33097    0.32375    6
  21   -1    1   1.429434   106.191522     0.000000      106.192  110.57169    0.15384    6
  21  -20   -1   1.429434   272.655323     0.000000      272.655  110.57169    1.01418    6
  20   -3    2   1.427811   356.970753     0.000000      356.971  110.76003    1.74196    6
  20  -17   -2   1.427811  -297.733633     0.000000      297.734  110.76003    1.21179    6
  16   -2    3   1.426710   -22.207979     0.000000       22.208  110.88822    0.00675    6
  16  -14   -3   1.426710   -34.055306     0.000000      34.0553  110.88822    0.01588    6
  16  -14    3   1.426710   -50.286589     0.000000      50.2866  110.88822    0.03462    6
  16   -2   -3   1.426710  -219.479040     0.000000      219.479  110.88822    0.65943    6
   9   -5   -4   1.421370   110.822461     0.000000      110.822  111.51573    0.16931    6
   9   -4    4   1.421370   -16.680652     0.000000      16.6807  111.51573    0.00384    6
  22   -3    1   1.419901   -85.063482     0.000000      85.0635  111.69010    0.09995    6
  23  -17    1   1.419901   -59.005918     0.000000      59.0059  111.69010    0.04809    6
  23   -6   -1   1.419901   -71.099597     0.000000      71.0996  111.69010    0.06983    6
  22  -19   -1   1.419901   -59.827263     0.000000      59.8273  111.69010    0.04944    6
  23   -4    0   1.417294   274.923209     0.000000      274.923  112.00145    1.04787    6
  23  -19    0   1.417294   -11.201248     0.000000      11.2012  112.00145    0.00174    6
   8    0   -4   1.416660   130.753279     0.000000      130.753  112.07749    0.23724    6
  17   -4    3   1.412561   -96.846901     0.000000      96.8469  112.57277    0.13093    6
  17  -13   -3   1.412561  -458.385569     0.000000      458.386  112.57277    2.93309    6
  17  -13    3   1.412561   211.525606     0.000000      211.526  112.57277    0.62458    6
  17   -4   -3   1.412561  -156.598055     0.000000      156.598  112.57277    0.34232    6
   9   -7    4   1.411997   320.228054     0.000000      320.228  112.64149    1.43267    6
   9   -2   -4   1.411997  -300.045469     0.000000      300.045  112.64149    1.25778    6
  24  -13    1   1.410556   -41.820384     0.000000      41.8204  112.81726    0.02449    6
  24  -11   -1   1.410556   182.474133     0.000000      182.474  112.81726    0.46620    6
  19    0   -2   1.408996  -195.954133     0.000000      195.954  113.00856    0.53891    6
  21   -5    2   1.408996  -395.823455     0.000000      395.823  113.00856    2.19892    6
  21  -16   -2   1.408996   484.427315     0.000000      484.427  113.00856    3.29354    6
  24  -14   -1   1.405953  -213.135321     0.000000      213.135  113.38432    0.64059    6
  24  -10    1   1.405953   460.359921     0.000000       460.36  113.38432    2.98860    6
  22  -10    2   1.404408   234.375037     0.000000      234.375  113.57644    0.77655    6
  20  -18    2   1.404408   403.414891     0.000000      403.415  113.57644    2.30064    6
  20   -2   -2   1.404408  -239.962994     0.000000      239.963  113.57644    0.81402    6
  22  -12   -2   1.404408   309.877044     0.000000      309.877  113.57644    1.35745    6
  18   -9    3   1.403360   675.043755     0.000000      675.044  113.70724    6.45278    6
  18   -9   -3   1.403360   370.091173     0.000000      370.091  113.70724    1.93955    6
   9   -8   -4   1.402806   231.482503     0.000000      231.483  113.77655    0.75947    6
   9   -1    4   1.402806  -237.620498     0.000000       237.62  113.77655    0.80028    6
  23   -5    1   1.401394  -482.146525     0.000000      482.147  113.95382    3.30252    6
  23  -18   -1   1.401394  -364.195913     0.000000      364.196  113.95382    1.88433    6
  22  -13    2   1.399864   175.707378     0.000000      175.707  114.14679    0.43972    6
  22   -9   -2   1.399864    46.439341     0.000000      46.4393  114.14679    0.03072    6
  10   -6    4   1.398277   -91.494627     0.000000      91.4946  114.34778    0.11955    6
  10   -4   -4   1.398277   -23.476095     0.000000      23.4761  114.34778    0.00787    6
  24   -6    0   1.394396   -61.982934     0.000000      61.9829  114.84390    0.05524    6
  24  -18    0   1.394396  -123.953689     0.000000      123.954  114.84390    0.22092    6
  10   -7   -4   1.393792  -210.368887     0.000000      210.369  114.92160    0.63700    6
  10   -3    4   1.393792  -305.687692     0.000000      305.688  114.92160    1.34503    6
  21   -4   -2   1.390906   430.692448     0.000000      430.692  115.29524    2.68400    6
  21  -17    2   1.390906  -410.031333     0.000000      410.031  115.29524    2.43266    6
  25  -14    0   1.389948   191.482603     0.000000      191.483  115.42004    0.53146    6
  25  -11    0   1.389948  -169.226749     0.000000      169.227  115.42004    0.41510    6
  18  -12   -3   1.389888  -515.968763     0.000000      515.969  115.42784    3.85932    6
  18  -12    3   1.389888    -6.677254     0.000000      6.67725  115.42784    0.00065    6
  18   -6   -3   1.389888   -63.341509     0.000000      63.3415  115.42784    0.05816    6
  18   -6    3   1.389888   256.368222     0.000000      256.368  115.42784    0.95278    6
  24   -8   -1   1.387978    51.702014     0.000000       51.702  115.67785    0.03889    6
  24  -16    1   1.387978   -49.607151     0.000000      49.6072  115.67785    0.03580    6
  22   -7    2   1.382119  -172.555363     0.000000      172.555  116.45468    0.43814    6
  22  -15   -2   1.382119   260.557443     0.000000      260.557  116.45468    0.99899    6
  10   -9    4   1.376275   316.394377     0.000000      316.394  117.24471    1.49078    6
  10   -1   -4   1.376275   -41.014213     0.000000      41.0142  117.24471    0.02505    6
  11   -6   -4   1.376275   204.506299     0.000000      204.506  117.24471    0.62283    6
  11   -5    4   1.376275   533.748975     0.000000      533.749  117.24471    4.24257    6
  24  -17   -1   1.374941   -39.623317     0.000000      39.6233  117.42721    0.02345    6
  24   -7    1   1.374941  -189.679271     0.000000      189.679  117.42721    0.53730    6
  22   -6   -2   1.369244   334.444371     0.000000      334.444  118.21622    1.69136    6
  22  -16    2   1.369244   107.052373     0.000000      107.052  118.21622    0.17329    6
  11   -8    4   1.367760  -341.194738     0.000000      341.195  118.42440    1.76623    6
  11   -3   -4   1.367760  -129.806610     0.000000      129.807  118.42440    0.25564    6
  22  -21    1   1.366451  -169.319547     0.000000       169.32  118.60890    0.43627    6
  22   -1   -1   1.366451   607.675322     0.000000      607.675  118.60890    5.61935    6
  25   -8    0   1.364126   109.103763     0.000000      109.104  118.93860    0.18212    6
  25  -17    0   1.364126   -33.450727     0.000000      33.4507  118.93860    0.01712    6
  10    0    4   1.363561   134.495547     0.000000      134.496  119.01918    0.27713    6
  17   -1    3   1.359905   119.732623     0.000000      119.733  119.54445    0.22156    6
  17  -16   -3   1.359905    46.153505     0.000000      46.1535  119.54445    0.03292    6
  17  -16    3   1.359905  -206.799353     0.000000      206.799  119.54445    0.66095    6
  17   -1   -3   1.359905   -54.983036     0.000000       54.983  119.54445    0.04672    6
  19  -11    3   1.359905  -259.266129     0.000000      259.266  119.54445    1.03888    6
  19   -8   -3   1.359905  -343.486500     0.000000      343.486  119.54445    1.82344    6
  19   -8    3   1.359905   168.263103     0.000000      168.263  119.54445    0.43757    6
  19  -11   -3   1.359905    85.513076     0.000000      85.5131  119.54445    0.11302    6
  11   -9   -4   1.359401   277.943935     0.000000      277.944  119.61739    1.19542    6
  11   -2    4   1.359401  -544.357157     0.000000      544.357  119.61739    4.58538    6
  25  -13   -1   1.358116  -270.060129     0.000000       270.06  119.80405    1.13215    6
  25  -12    1   1.358116   -67.851281     0.000000      67.8513  119.80405    0.07147    6
  23   -3   -1   1.358116   -62.527487     0.000000      62.5275  119.80405    0.06069    6
  23  -20    1   1.358116  -153.572128     0.000000      153.572  119.80405    0.36611    6
  23  -12    2   1.356723  -467.059402     0.000000      467.059  120.00733    3.39808    6
  23  -11   -2   1.356723   -57.386803     0.000000      57.3868  120.00733    0.05130    6
  20    0    2   1.352625  -284.542150     0.000000      284.542  120.61151    1.27446    6
  18   -3    3   1.351689   160.816782     0.000000      160.817  120.75084    0.40809    6
  18  -15   -3   1.351689   207.299262     0.000000      207.299  120.75084    0.67809    6
  18  -15    3   1.351689  -525.600932     0.000000      525.601  120.75084    4.35920    6
  18   -3   -3   1.351689   426.822310     0.000000      426.822  120.75084    2.87468    6
  12   -7    4   1.351194   187.895628     0.000000      187.896  120.82468    0.55782    6
  12   -5   -4   1.351194  -385.016557     0.000000      385.017  120.82468    2.34217    6
  25  -15    1   1.349932   169.247595     0.000000      169.248  121.01366    0.45410    6
  25  -10   -1   1.349932  -180.909041     0.000000      180.909  121.01366    0.51884    6
  21   -2    2   1.348564  -514.336170     0.000000      514.336  121.21948    4.20916    6
  23   -9    2   1.348564   -94.256294     0.000000      94.2563  121.21948    0.14136    6
  23  -14   -2   1.348564  -232.121718     0.000000      232.122  121.21948    0.85730    6
  21  -19   -2   1.348564    90.279445     0.000000      90.2794  121.21948    0.12968    6
  12   -8   -4   1.347146   384.622826     0.000000      384.623  121.43402    2.36288    6
  12   -4    4   1.347146  -151.989115     0.000000      151.989  121.43402    0.36897    6
  24   -5   -1   1.341894  -546.799443     0.000000      546.799  122.23881    4.84614    6
  24  -19    1   1.341894  -438.421797     0.000000      438.422  122.23881    3.11547    6
  25  -16   -1   1.341894   149.157092     0.000000      149.157  122.23881    0.36060    6
  25   -9    1   1.341894   -38.737726     0.000000      38.7377  122.23881    0.02432    6
  23  -15    2   1.340550  -103.642244     0.000000      103.642  122.44738    0.17478    6
  23   -8   -2   1.340550   339.047487     0.000000      339.047  122.44738    1.87041    6
  23   -1    0   1.339692  -420.948079     0.000000      420.948  122.58112    2.89038    6
  23  -22    0   1.339692    48.942514     0.000000      48.9425  122.58112    0.03907    6
  26  -13    0   1.339692  -267.491844     0.000000      267.492  122.58112    1.16713    6
  22    0    1   1.337928   658.400197     0.000000        658.4  122.85759    7.10766    6
  22   -4    2   1.336597   162.720134     0.000000       162.72  123.06762    0.43586    6
  22  -18   -2   1.336597   -44.138581     0.000000      44.1386  123.06762    0.03207    6
  19  -14   -3   1.335693  -226.169123     0.000000      226.169  123.21072    0.84433    6
  19  -14    3   1.335693  -461.613850     0.000000      461.614  123.21072    3.51726    6
  19   -5   -3   1.335693   253.666026     0.000000      253.666  123.21072    1.06212    6
  19   -5    3   1.335693   -10.501893     0.000000      10.5019  123.21072    0.00182    6
  11    0   -4   1.335216    70.007894     0.000000      70.0079  123.28657    0.08102    6
  23   -2    1   1.333998   -82.089652     0.000000      82.0897  123.48072    0.11181    6
  23  -21   -1   1.333998  -426.066801     0.000000      426.067  123.48072    3.01191    6
  24   -3    0   1.331835   475.230318     0.000000       475.23  123.82790    3.77224    6
  24  -21    0   1.331835   253.629417     0.000000      253.629  123.82790    1.07446    6
  12  -10    4   1.331309  -627.501712     0.000000      627.502  123.91279    6.58772    6
  12   -2   -4   1.331309    -4.065308     0.000000      4.06531  123.91279    0.00028    6
  26  -16    0   1.327958   591.705098     0.000000      591.705  124.45812    5.92038    6
  26  -10    0   1.327958   202.038323     0.000000      202.038  124.45812    0.69025    6
  13   -7   -4   1.327436   274.503526     0.000000      274.504  124.54365    1.27634    6
  13   -6    4   1.327436   250.445244     0.000000      250.445  124.54365    1.06242    6
  21   -1   -2   1.324942   -66.002656     0.000000      66.0027  124.95542    0.07440    6
  21  -20    2   1.324942   305.988307     0.000000      305.988  124.95542    1.59896    6
  20  -10    3   1.324062   194.207935     0.000000      194.208  125.10175    0.64600    6
  20  -10   -3   1.324062   274.862402     0.000000      274.862  125.10175    1.29399    6
  24  -20   -1   1.322411   138.513213     0.000000      138.513  125.37791    0.33045    6
  24   -4    1   1.322411    92.959247     0.000000      92.9592  125.37791    0.14883    6
  12   -1    4   1.319791   134.201791     0.000000      134.202  125.82001    0.31300    6
  13   -9    4   1.319791   -14.155574     0.000000      14.1556  125.82001    0.00348    6
  13   -4   -4   1.319791   231.251363     0.000000      231.251  125.82001    0.92938    6
  12  -11   -4   1.319791   339.841483     0.000000      339.841  125.82001    2.00714    6
  25  -18    1   1.318615    -2.838585     0.000000      2.83859  126.02020    0.00014    6
  25   -7   -1   1.318615   245.026772     0.000000      245.027  126.02020    1.04770    6
  22   -3   -2   1.317340   422.738592     0.000000      422.739  126.23837    3.13263    6
  23  -17   -2   1.317340   235.385011     0.000000      235.385  126.23837    0.97123    6
  23   -6    2   1.317340   407.428814     0.000000      407.429  126.23837    2.90984    6
  22  -19    2   1.317340   259.007146     0.000000      259.007  126.23837    1.17595    6
  25   -5    0   1.316526    86.425537     0.000000      86.4255  126.37832    0.13131    6
  25  -20    0   1.316526   290.838730     0.000000      290.839  126.37832    1.48707    6
  20   -7    3   1.312730    85.901412     0.000000      85.9014  127.03773    0.13153    6
  20  -13   -3   1.312730   191.287242     0.000000      191.287  127.03773    0.65223    6
  20  -13    3   1.312730   -56.847713     0.000000      56.8477  127.03773    0.05760    6
  20   -7   -3   1.312730    14.016121     0.000000      14.0161  127.03773    0.00350    6
  13  -10   -4   1.312277  -294.408193     0.000000      294.408  127.11724    1.54760    6
  13   -3    4   1.312277   -60.783857     0.000000      60.7839  127.11724    0.06597    6
  24  -13   -2   1.309867   285.428995     0.000000      285.429  127.54273    1.46788    6
  24  -11    2   1.309867  -205.661858     0.000000      205.662  127.54273    0.76208    6
  26  -14    1   1.307421  -456.066724     0.000000      456.067  127.97961    3.78299    6
  26  -12   -1   1.307421   666.276768     0.000000      666.277  127.97961    8.07399    6
  24  -14    2   1.306178    20.522250     0.000000      20.5223  128.20350    0.00770    6
  24  -10   -2   1.306178   188.398992     0.000000      188.399  128.20350    0.64870    6
  25   -6    1   1.303752   318.436749     0.000000      318.437  128.64436    1.87123    6
  26  -15   -1   1.303752  -334.900234     0.000000        334.9  128.64436    2.06972    6
  26  -11    1   1.303752    67.277377     0.000000      67.2774  128.64436    0.08353    6
  25  -19   -1   1.303752   163.632240     0.000000      163.632  128.64436    0.49410    6
  23   -5   -2   1.302520  -316.226301     0.000000      316.226  128.87033    1.85457    6
  23  -18    2   1.302520  -104.527059     0.000000      104.527  128.87033    0.20263    6
  14   -8    4   1.301242   389.242596     0.000000      389.243  129.10610    2.82462    6
  14   -6   -4   1.301242  -165.429106     0.000000      165.429  129.10610    0.51020    6
  14   -9   -4   1.297625   -61.201884     0.000000      61.2019  129.78153    0.07090    6
  14   -5    4   1.297625  -274.666893     0.000000      274.667  129.78153    1.42795    6
  26   -7    0   1.294521  -428.991457     0.000000      428.991  130.37107    3.53045    6
  26  -19    0   1.294521   187.584855     0.000000      187.585  130.37107    0.67504    6
  18    0   -3   1.294473   485.831859     0.000000      485.832  130.38032    4.52895    6
  18    0    3   1.294473    46.168888     0.000000      46.1689  130.38032    0.04090    6
  24   -8    2   1.291727   -29.574820     0.000000      29.5748  130.90983    0.01699    6
  24  -16   -2   1.291727   267.638619     0.000000      267.639  130.90983    1.39134    6
  19   -2    3   1.290912   315.111345     0.000000      315.111  131.06857    1.93583    6
  19  -17   -3   1.290912   253.409763     0.000000       253.41  131.06857    1.25195    6
  19  -17    3   1.290912  -131.931807     0.000000      131.932  131.06857    0.33934    6
  19   -2   -3   1.290912   154.845993     0.000000      154.846  131.06857    0.46745    6
  13  -12    4   1.290481   357.252511     0.000000      357.253  131.15277    2.49312    6
  13   -1   -4   1.290481    86.161686     0.000000      86.1617  131.15277    0.14502    6
  26  -17    1   1.289381   186.153280     0.000000      186.153  131.36843    0.68034    6
  26   -9   -1   1.289381   126.153860     0.000000      126.154  131.36843    0.31245    6
  27  -12    0   1.287428    31.610602     0.000000      31.6106  131.75466    0.01980    6
  27  -15    0   1.287428   -39.265814     0.000000      39.2658  131.75466    0.03055    6
  21  -12   -3   1.283877   281.297162     0.000000      281.297  132.46726    1.59464    6
  21  -12    3   1.283877  -111.864897     0.000000      111.865  132.46726    0.25218    6
  21   -9   -3   1.283877    49.337421     0.000000      49.3374  132.46726    0.04906    6
  21   -9    3   1.283877    84.133575     0.000000      84.1336  132.46726    0.14265    6
  14  -11    4   1.283453   186.135910     0.000000      186.136  132.55332    0.69967    6
  14   -3   -4   1.283453   266.744200     0.000000      266.744  132.55332    1.43688    6
  23    0   -1   1.282372   147.002745     0.000000      147.003  132.77379    0.43873    6
  24  -17    2   1.281199  -282.507615     0.000000      282.508  133.01431    1.62985    6
  24   -7   -2   1.281199  -495.268264     0.000000      495.268  133.01431    5.00919    6
  20   -4    3   1.280403  -616.454854     0.000000      616.455  133.17841    7.79164    6
  20  -16   -3   1.280403   425.370489     0.000000       425.37  133.17841    3.70989    6
  20  -16    3   1.280403   308.432226     0.000000      308.432  133.17841    1.95050    6
  20   -4   -3   1.280403    51.713870     0.000000      51.7139  133.17841    0.05483    6
  26   -8    1   1.278909  -145.934771     0.000000      145.935  133.48851    0.44000    6
  24   -2   -1   1.278909   203.129295     0.000000      203.129  133.48851    0.85247    6
  24  -22    1   1.278909  -272.761816     0.000000      272.762  133.48851    1.53709    6
  26  -18   -1   1.278909  -428.449736     0.000000       428.45  133.48851    3.79256    6
  13    0    4   1.276539  -468.694081     0.000000      468.694  133.98604    4.59476    6
  15   -8   -4   1.276539   -59.856482     0.000000      59.8565  133.98604    0.07494    6
  15   -7    4   1.276539   -19.198306     0.000000      19.1983  133.98604    0.00771    6
  22   -1    2   1.274321  -280.605737     0.000000      280.606  134.45815    1.66652    6
  22  -21   -2   1.274321    73.390829     0.000000      73.3908  134.45815    0.11400    6
  14  -12   -4   1.273124  -158.112211     0.000000      158.112  134.71547    0.53256    6
  14   -2    4   1.273124    14.007134     0.000000      14.0071  134.71547    0.00418    6
  15  -10    4   1.269736   -57.858042     0.000000       57.858  135.45421    0.07267    6
  15   -5   -4   1.269736  -244.205251     0.000000      244.205  135.45421    1.29461    6
  25  -21    1   1.268689   -30.442942     0.000000      30.4429  135.68580    0.02024    6
  25   -4   -1   1.268689  -225.251331     0.000000      225.251  135.68580    1.10804    6
  23   -3    2   1.267553   347.899794     0.000000        347.9  135.93861    2.66059    6
  25  -13    2   1.267553    12.831401     0.000000      12.8314  135.93861    0.00362    6
  25  -12   -2   1.267553  -469.044853     0.000000      469.045  135.93861    4.83613    6
  23  -20   -2   1.267553    77.989348     0.000000      77.9893  135.93861    0.13370    6
  27  -18    0   1.266828  -371.125800     0.000000      371.126  136.10102    3.04053    6
  27   -9    0   1.266828    12.917996     0.000000       12.918  136.10102    0.00368    6
  21  -15   -3   1.263445    66.533588     0.000000      66.5336  136.86878    0.09972    6
  21  -15    3   1.263445   254.422792     0.000000      254.423  136.86878    1.45813    6
  21   -6   -3   1.263445   334.069021     0.000000      334.069  136.86878    2.51395    6
  21   -6    3   1.263445   377.084002     0.000000      377.084  136.86878    3.20302    6
  15   -4    4   1.263040   552.998214     0.000000      552.998  136.96165    6.90563    6
  15  -11   -4   1.263040   135.492787     0.000000      135.493  136.96165    0.41456    6
  27  -14   -1   1.262009  -147.500655     0.000000      147.501  137.19972    0.49443    6
  27  -13    1   1.262009   119.451532     0.000000      119.452  137.19972    0.32426    6
  25  -10    2   1.260891    42.734584     0.000000      42.7346  137.45971    0.04179    6
  25  -15   -2   1.260891   300.083331     0.000000      300.083  137.45971    2.06075    6
  24    0    0   1.256892   224.601957     0.000000      224.602  138.40655    1.18452    6
  24   -1    1   1.255434   -52.678313     0.000000      52.6783  138.75815    0.06579    6
  27  -16    1   1.255434    -4.569399     0.000000       4.5694  138.75815    0.00050    6
  27  -11   -1   1.255434   -19.278299     0.000000      19.2783  138.75815    0.00881    6
  24  -23   -1   1.255434  -209.239335     0.000000      209.239  138.75815    1.03804    6
  24   -5    2   1.254334   106.891546     0.000000      106.892  139.02617    0.27293    6
  24  -19   -2   1.254334  -476.944540     0.000000      476.945  139.02617    5.43367    6
  25  -16    2   1.254334  -261.147270     0.000000      261.147  139.02617    1.62903    6
  25   -9   -2   1.254334  -382.189480     0.000000      382.189  139.02617    3.48911    6
  25   -2    0   1.253631   255.340092     0.000000       255.34  139.19846    1.56489    6
  25  -23    0   1.253631   -31.583733     0.000000      31.5837  139.19846    0.02394    6
  26   -6   -1   1.252185  -307.038746     0.000000      307.039  139.55571    2.28552    6
  26  -20    1   1.252185   567.953880     0.000000      567.954  139.55571    7.82032    6
  22    0   -2   1.251093  -201.145557     0.000000      201.146  139.82811    0.98847    6
  22  -11    3   1.250352   177.133124     0.000000      177.133  140.01422    0.77061    6
  22  -11   -3   1.250352   262.953332     0.000000      262.953  140.01422    1.69822    6
  16   -9    4   1.249961  -120.296900     0.000000      120.297  140.11304    0.35643    6
  16   -7   -4   1.249961  -129.088681     0.000000      129.089  140.11304    0.41043    6
  25   -3    1   1.248961  -344.213348     0.000000      344.213  140.36652    2.93944    6
  27  -10    1   1.248961  -245.370415     0.000000       245.37  140.36652    1.49367    6
  25  -22   -1   1.248961  -122.887608     0.000000      122.888  140.36652    0.37465    6
  27  -17   -1   1.248961   525.472272     0.000000      525.472  140.36652    6.85030    6
  23   -2   -2   1.247878    -3.683903     0.000000       3.6839  140.64358    0.00034    6
  23  -21    2   1.247878   -32.133280     0.000000      32.1333  140.64358    0.02582    6
  14    0   -4   1.246754  -121.436756     0.000000      121.437  140.93346    0.37189    6
  16  -10   -4   1.246754  -353.203414     0.000000      353.203  140.93346    3.14608    6
  16   -6    4   1.246754  -375.871392     0.000000      375.871  140.93346    3.56286    6
  26   -4    0   1.244000  -354.705995     0.000000      354.706  141.65487    3.24069    6
  28  -14    0   1.244000   -10.124093     0.000000      10.1241  141.65487    0.00264    6
  26  -22    0   1.244000  -177.328011     0.000000      177.328  141.65487    0.80994    6
  15  -13    4   1.243571  -263.613541     0.000000      263.614  141.76862    1.79596    6
  15   -2   -4   1.243571  -382.184514     0.000000      382.185  141.76862    3.77492    6
  22  -14    3   1.240796  -352.669487     0.000000      352.669  142.51517    3.28689    6
  22   -8    3   1.240796   -12.435860     0.000000      12.4359  142.51517    0.00409    6
  22  -14   -3   1.240796  -407.317365     0.000000      407.317  142.51517    4.38446    6
  22   -8   -3   1.240796  -281.444069     0.000000      281.444  142.51517    2.09331    6
  24   -4   -2   1.238378   159.571465     0.000000      159.571  143.18042    0.68665    6
  24  -20    2   1.238378  -211.221345     0.000000      211.221  143.18042    1.20310    6
  26   -5    1   1.236310   412.502306     0.000000      412.502  143.76067    4.67140    6
  26  -21   -1   1.236310   113.522593     0.000000      113.523  143.76067    0.35380    6
  25  -18   -2   1.235259  -129.306522     0.000000      129.307  144.05981    0.46332    6
  25   -7    2   1.235259   572.018408     0.000000      572.018  144.05981    9.06696    6
  28  -11    0   1.234588  -247.785561     0.000000      247.786  144.25241    1.71165    6
  28  -17    0   1.234588  -336.484899     0.000000      336.485  144.25241    3.15641    6
  16  -12    4   1.234169  -147.905329     0.000000      147.905  144.37323    0.61218    6
  16   -4   -4   1.234169    25.320400     0.000000      25.3204  144.37323    0.01794    6
  20   -1    3   1.231456    27.579974     0.000000        27.58  145.16747    0.02183    6
  20   -1   -3   1.231456  -696.016996     0.000000      696.017  145.16747   13.90354    6
  20  -19   -3   1.231456   -84.867265     0.000000      84.8673  145.16747    0.20671    6
  20  -19    3   1.231456   226.964626     0.000000      226.965  145.16747    1.47843    6
  15   -1    4   1.231081    89.553531     0.000000      89.5535  145.27868    0.23100    6
  15  -14   -4   1.231081   254.182958     0.000000      254.183  145.27868    1.86094    6
  27  -19    1   1.230127   497.687713     0.000000      497.688  145.56434    7.20051    6
  27   -8   -1   1.230127  -309.091365     0.000000      309.091  145.56434    2.77730    6
  27  -21    0   1.228430  -177.290360     0.000000       177.29  146.07877    0.92921    6
  27   -6    0   1.228430  -121.334077     0.000000      121.334  146.07877    0.43522    6
  26  -14   -2   1.226042   248.548465     0.000000      248.548  146.81846    1.87165    6
  26  -12    2   1.226042   578.180173     0.000000       578.18  146.81846   10.12811    6
  21   -3   -3   1.225345   210.431029     0.000000      210.431  147.03805    1.35153    6
  21   -3    3   1.225345    56.830994     0.000000       56.831  147.03805    0.09858    6
  21  -18   -3   1.225345  -283.809467     0.000000      283.809  147.03805    2.45844    6
  21  -18    3   1.225345   -43.199464     0.000000      43.1995  147.03805    0.05696    6
  16  -13   -4   1.224976   402.118871     0.000000      402.119  147.15482    4.95479    6
  16   -3    4   1.224976  -215.908462     0.000000      215.908  147.15482    1.42842    6
  17   -9   -4   1.224976   379.898690     0.000000      379.899  147.15482    4.42234    6
  17   -8    4   1.224976  -229.307188     0.000000      229.307  147.15482    1.61121    6
  25   -6   -2   1.223015   371.017057     0.000000      371.017  147.78399    4.30936    6
  26  -15    2   1.223015    55.565015     0.000000       55.565  147.78399    0.09666    6
  25  -19    2   1.223015   -76.307087     0.000000      76.3071  147.78399    0.18229    6
  26  -11   -2   1.223015  -425.261400     0.000000      425.261  147.78399    5.66158    6
   1    0   -5   1.221916   112.026788     0.000000      112.027  148.14275    0.39778    6
  17  -11    4   1.218960  -190.734545     0.000000      190.735  149.13140    1.19387    6
  17   -6   -4   1.218960   165.491531     0.000000      165.492  149.13140    0.89878    6
   2    0    5   1.218920  -347.605863     0.000000      347.606  149.14514    3.96722    6
  27  -20   -1   1.218033    37.479498     0.000000      37.4795  149.44885    0.04663    6
  27   -7    1   1.218033   192.174793     0.000000      192.175  149.44885    1.22582    6
  28  -15    1   1.218033   161.859647     0.000000       161.86  149.44885    0.86959    6
  28  -13   -1   1.218033   -81.522234     0.000000      81.5222  149.44885    0.22059    6
   3   -2    5   1.215945   -20.430189     0.000000      20.4302  150.17779    0.01423    6
   3   -1   -5   1.215945   -72.214117     0.000000      72.2141  150.17779    0.17774    6
  28  -16   -1   1.215065   -55.540708     0.000000      55.5407  150.49111    0.10636    6
  28  -12    1   1.215065   325.695197     0.000000      325.695  150.49111    3.65746    6
  22  -17   -3   1.213390    40.898720     0.000000      40.8987  151.09781    0.05900    6
  22  -17    3   1.213390   457.511317     0.000000      457.511  151.09781    7.38265    6
  22   -5   -3   1.213390  -126.376215     0.000000      126.376  151.09781    0.56330    6
  22   -5    3   1.213390   -21.246542     0.000000      21.2465  151.09781    0.01592    6
  23  -13   -3   1.213390    85.211815     0.000000      85.2118  151.09781    0.25610    6
  23  -13    3   1.213390   472.819947     0.000000       472.82  151.09781    7.88497    6
  23  -10   -3   1.213390  -416.187825     0.000000      416.188  151.09781    6.10924    6
  23  -10    3   1.213390   -29.450991     0.000000       29.451  151.09781    0.03059    6
  17   -5    4   1.213032   175.683877     0.000000      175.684  151.22934    1.09404    6
  17  -12   -4   1.213032  -201.950042     0.000000       201.95  151.22934    1.44562    6
  26   -9    2   1.211128  -277.391105     0.000000      277.391  151.94034    2.80269    6
  26  -17   -2   1.211128  -307.204056     0.000000      307.204  151.94034    3.43751    6
   4   -3   -5   1.210061   340.006364     0.000000      340.006  152.34763    4.27814    6
   4   -1    5   1.210061   406.610530     0.000000      406.611  152.34763    6.11840    6
  28   -8    0   1.207582    83.000038     0.000000           83  153.32025    0.26501    6
  28  -20    0   1.207582  -130.376721     0.000000      130.377  153.32025    0.65388    6
   4    0   -5   1.207151  -109.613734     0.000000      109.614  153.49344    0.46546    6
  25  -24    1   1.206290   -33.962560     0.000000      33.9626  153.84304    0.04533    6
  25   -1   -1   1.206290    83.289551     0.000000      83.2896  153.84304    0.27261    6
  23    0    2   1.205314   103.736451     0.000000      103.736  154.24565    0.43001    6
   5   -3    5   1.204262    93.748464     0.000000      93.7485  154.68716    0.35777    6
   5   -2   -5   1.204262  -313.777551     0.000000      313.778  154.68716    4.00789    6
  28  -10   -1   1.203407   346.456698     0.000000      346.457  155.05231    4.96286    6
  28  -18    1   1.203407  -108.263380     0.000000      108.263  155.05231    0.48462    6
  24   -2    2   1.202437  -289.799336     0.000000      289.799  155.47342    3.53620    6
  26  -18    2   1.202437   215.675854     0.000000      215.676  155.47342    1.95860    6
  26   -8   -2   1.202437  -203.583683     0.000000      203.584  155.47342    1.74513    6
  24  -22   -2   1.202437   145.686662     0.000000      145.687  155.47342    0.89368    6
  16  -15    4   1.201432   270.759357     0.000000      270.759  155.91868    3.14777    6
  16   -1   -4   1.201432    13.252838     0.000000      13.2528  155.91868    0.00754    6
  26  -23    1   1.200544   212.104803     0.000000      212.105  156.31914    1.96651    6
  26   -3   -1   1.200544    54.818401     0.000000      54.8184  156.31914    0.13136    6
  29  -13    0   1.198967  -180.965448     0.000000      180.965  157.04929    1.47992    6
  29  -16    0   1.198967  -117.391364     0.000000      117.391  157.04929    0.62276    6
  18   -8   -4   1.198583   253.479781     0.000000       253.48  157.23072    2.92813    6
  18  -10    4   1.198583   200.582954     0.000000      200.583  157.23072    1.83355    6
   5    0    5   1.198545   242.045634     0.000000      242.046  157.24893    2.67219    6
  23   -7    3   1.196098  -284.470665     0.000000      284.471  158.44528    3.90794    6
  23  -16   -3   1.196098  -319.845586     0.000000      319.846  158.44528    4.94030    6
  23  -16    3   1.196098   224.895703     0.000000      224.896  158.44528    2.44250    6
  23   -7   -3   1.196098  -138.369738     0.000000       138.37  158.44528    0.92460    6
  17   -3   -4   1.195755    21.235313     0.000000      21.2353  158.61861    0.02196    6
  17  -14    4   1.195755   296.512238     0.000000      296.512  158.61861    4.28207    6
  18  -11   -4   1.195755  -311.485352     0.000000      311.485  158.61861    4.72546    6
  18   -7    4   1.195755   417.113223     0.000000      417.113  158.61861    8.47377    6
   6   -4   -5   1.195717   121.625026     0.000000      121.625  158.63795    0.72115    6
   6   -2    5   1.195717  -170.340820     0.000000      170.341  158.63795    1.41456    6
  28   -9    1   1.194880   181.228406     0.000000      181.228  159.06780    1.63579    6
  28  -19   -1   1.194880   213.533287     0.000000      213.533  159.06780    2.27094    6
  25   -4    2   1.193931   -28.611058     0.000000      28.6111  159.56671    0.04182    6
  25  -21   -2   1.193931   398.168915     0.000000      398.169  159.56671    8.09869    6
   6   -5    5   1.192909    77.391409     0.000000      77.3914  160.11897    0.31487    6
   6   -1   -5   1.192909  -109.209961     0.000000       109.21  160.11897    0.62701    6
  27   -5   -1   1.189295  -102.848155     0.000000      102.848  162.21527    0.62458    6
  27  -22    1   1.189295  -361.812105     0.000000      361.812  162.21527    7.72964    6
  27  -14    2   1.188359   538.464363     0.000000      538.464  162.80154   17.72566    6
  27  -13   -2   1.188359   358.111072     0.000000      358.111  162.80154    7.84014    6
  16    0    4   1.187388   -32.324907     0.000000      32.3249  163.43257    0.06640    6
   7   -4    5   1.187351   457.347877     0.000000      457.348  163.45730   13.31211    6
   7   -3   -5   1.187351  -500.669432     0.000000      500.669  163.45730   15.95349    6
  17  -15   -4   1.184638  -388.113321     0.000000      388.113  165.37256   10.88152    6
  17   -2    4   1.184638    82.571481     0.000000      82.5715  165.37256    0.49253    6
  18  -13    4   1.184638  -454.202288     0.000000      454.202  165.37256   14.90292    6
  18   -5   -4   1.184638   -64.919800     0.000000      64.9198  165.37256    0.30446    6
  25    0    1   1.183787   113.544410     0.000000      113.544  166.02895    0.97621    6
  24   -1   -2   1.182865  -465.539389     0.000000      465.539  166.77855   17.36284    6
  24  -23    2   1.182865   173.155062     0.000000      173.155  166.77855    2.40203    6
  27  -16   -2   1.182865   126.080693     0.000000      126.081  166.77855    1.27352    6
  27  -11    2   1.182865    38.084886     0.000000      38.0849  166.77855    0.11620    6
  26   -1    0   1.182275   242.744565     0.000000      242.745  167.28103    4.91115    6
  29  -19    0   1.182275   325.177438     0.000000      325.177  167.28103    8.81303    6
  29  -10    0   1.182275   163.512378     0.000000      163.512  167.28103    2.22836    6
  26  -25    0   1.182275  -103.288961     0.000000      103.289  167.28103    0.88919    6
  24  -12    3   1.182238  -568.072403     0.000000      568.072  167.31307   26.96556    6
  24  -12   -3   1.182238  -425.865845     0.000000      425.866  167.31307   15.15471    6
   7   -6   -5   1.181870    33.519494     0.000000      33.5195  167.63810    0.09640    6
   7   -1    5   1.181870    39.989351     0.000000      39.9894  167.63810    0.13721    6
  26  -24   -1   1.181062  -258.814437     0.000000      258.814  168.38466    6.12356    6
  26   -2    1   1.181062  -115.150276     0.000000       115.15  168.38466    1.21215    6
  26  -20   -2   1.180146   -28.736327     0.000000      28.7363  169.29508    0.08201    6
  26   -6    2   1.180146  -130.746055     0.000000      130.746  169.29508    1.69778    6
  29  -15   -1   1.178356  -318.928975     0.000000      318.929  171.34976   12.53280    6
  29  -14    1   1.178356     3.484498     0.000000       3.4845  171.34976    0.00150    6
  25   -3   -2   1.177446     7.883685     0.000000      7.88368  172.61301    0.00898    6
  27  -10   -2   1.177446   106.711936     0.000000      106.712  172.61301    1.64513    6
  25  -22    2   1.177446    62.447325     0.000000      62.4473  172.61301    0.56338    6
  27  -17    2   1.177446   326.263319     0.000000      326.263  172.61301   15.37836    6
  27   -3    0   1.176864   117.002237     0.000000      117.002  173.54921    2.26658    6
  27  -24    0   1.176864    25.981223     0.000000      25.9812  173.54921    0.11176    6
  18  -14   -4   1.176501  -123.512976     0.000000      123.513  174.21031    2.81570    6
  18   -4    4   1.176501   -47.623774     0.000000      47.6238  174.21031    0.41861    6
   7    0   -5   1.176465  -413.459957     0.000000       413.46  174.28059   31.94148    6
   8   -5   -5   1.176465  -333.461735     0.000000      333.462  174.28059   20.77687    6
   8   -3    5   1.176465  -460.526305     0.000000      460.526  174.28059   39.62753    6